*Frequency 	VF2-abs (dB)	VF2-phase (deg)	VF1-abs (dB)	VF1-phase (deg)
10	39.9987893198237	-0.00114686844556539	0	0
10.162486928707	39.9987893197674	-0.00116550355872585	0	0
10.327614057614	39.9987893197098	-0.00118444146806001	0	0
10.4954242865232	39.9987893196484	-0.00120368709369313	0	0
10.6659612123026	39.9987893195884	-0.00122324543560672	0	0
10.839269140212	39.998789319524	-0.00124312157497749	0	0
11.0153930954142	39.9987893194573	-0.00126332067564136	0	0
11.1943788346715	39.9987893193896	-0.00128384798530132	0	0
11.3762728582343	39.9987893193191	-0.00130470883687275	0	0
11.561122421921	39.998789319249	-0.00132590865006333	0	0
11.7489755493953	39.9987893191731	-0.00134745293250104	0	0
11.9398810446427	39.9987893190939	-0.00136934728132911	0	0
12.1338885046498	39.9987893190154	-0.00139159738473178	0	0
12.3310483322891	39.9987893189319	-0.00141420902322515	0	0
12.5314117494142	39.998789318848	-0.00143718807130924	0	0
12.7350308101666	39.9987893187612	-0.00146054049885783	0	0
12.9419584144999	39.9987893186691	-0.00148427237284609	0	0
13.1522483219224	39.9987893185743	-0.00150838985872914	0	0
13.3659551654644	39.9987893184781	-0.00153289922227798	0	0
13.5831344658715	39.9987893183788	-0.00155780683092712	0	0
13.8038426460288	39.9987893182752	-0.00158311915566627	0	0
14.0281370456196	39.9987893181686	-0.0016088427726153	0	0
14.2560759360219	39.998789318058	-0.00163498436466591	0	0
14.4877185354476	39.9987893179447	-0.00166155072343057	0	0
14.7231250243272	39.9987893178263	-0.00168854875081165	0	0
14.9623565609443	39.9987893177055	-0.00171598546085261	0	0
15.205475297325	39.9987893175804	-0.00174386798154403	0	0
15.4525443953841	39.9987893174487	-0.00177220355679005	0	0
15.7036280433355	39.9987893173168	-0.00180099954808113	0	0
15.9587914723673	39.9987893171786	-0.00183026343657173	0	0
16.2181009735893	39.998789317036	-0.00186000282500338	0	0
16.4816239152551	39.9987893168875	-0.00189022543964274	0	0
16.7494287602644	39.9987893167368	-0.00192093913225622	0	0
17.0215850839495	39.9987893165772	-0.00195215188218796	0	0
17.298163592151	39.9987893164164	-0.00198387179851843	0	0
17.5792361395869	39.9987893162477	-0.00201610712204019	0	0
17.8648757485205	39.9987893160763	-0.00204886622747357	0	0
18.1551566277314	39.9987893158967	-0.00208215762549056	0	0
18.4501541917947	39.9987893157116	-0.00211598996523346	0	0
18.7499450806742	39.9987893155206	-0.00215037203623929	0	0
19.0546071796325	39.9987893153257	-0.00218531277099458	0	0
19.3642196394661	39.9987893151202	-0.0022208212470395	0	0
19.6788628970684	39.9987893149106	-0.00225690668927519	0	0
19.9986186963274	39.9987893146928	-0.00229357847290104	0	0
20.3235701093622	39.9987893144695	-0.00233084612505703	0	0
20.6538015581053	39.998789314239	-0.0023687193278236	0	0
20.9893988362352	39.9987893139997	-0.00240720792061607	0	0
21.3304491314658	39.9987893137537	-0.00244632190282347	0	0
21.6770410481969	39.9987893134981	-0.00248607143597956	0	0
22.0292646305346	39.9987893132351	-0.00252646684718114	0	0
22.3872113856834	39.9987893129618	-0.00256751863093502	0	0
22.7509743077207	39.9987893126816	-0.0026092374526091	0	0
23.1206479017559	39.9987893123923	-0.00265163415044337	0	0
23.4963282084831	39.9987893120924	-0.00269471973936091	0	0
23.8781128291318	39.9987893117839	-0.00273850541268253	0	0
24.2661009508242	39.9987893114641	-0.00278300254602436	0	0
24.6603933723434	39.9987893111327	-0.00282822269958109	0	0
25.0610925303211	39.9987893107913	-0.00287417762146898	0	0
25.4683025258504	39.9987893104409	-0.00292087925090735	0	0
25.8821291515309	39.9987893100754	-0.00296833972065382	0	0
26.3026799189538	39.9987893097005	-0.0030165713609603	0	0
26.7300640866331	39.9987893093138	-0.00306558670251735	0	0
27.1643926883908	39.9987893089127	-0.00311539847921158	0	0
27.6057785622035	39.9987893084995	-0.0031660196321358	0	0
28.0543363795171	39.9987893080721	-0.00321746331266183	0	0
28.5101826750391	39.9987893076315	-0.00326974288575176	0	0
28.9734358770132	39.998789307177	-0.00332287193350171	0	0
29.4442163379876	39.9987893067071	-0.00337686425887911	0	0
29.9226463660819	39.9987893062217	-0.00343173388898849	0	0
30.4088502567628	39.9987893057181	-0.00348749507889287	0	0
30.9029543251359	39.9987893052026	-0.00354416231516952	0	0
31.4050869387622	39.9987893046649	-0.00360175031995238	0	0
31.9153785510076	39.9987893041138	-0.00366027405452791	0	0
32.4339617349349	39.998789303543	-0.00371974872328475	0	0
32.9609712177458	39.9987893029542	-0.00378018977767305	0	0
33.4965439157828	39.9987893023457	-0.0038416129202439	0	0
34.0408189701001	39.9987893017167	-0.00390403410853594	0	0
34.5939377826122	39.9987893010679	-0.0039674695595174	0	0
35.1560440528298	39.9987893003962	-0.00403193575355953	0	0
35.7272838151929	39.9987892997055	-0.00409744943918395	0	0
36.3078054770101	39.9987892989901	-0.00416402763642463	0	0
36.897759857015	39.9987892982514	-0.00423168764238673	0	0
37.4973002245484	39.9987892974884	-0.00430044703489937	0	0
38.1065823393773	39.9987892966999	-0.00437032367769188	0	0
38.7257644921617	39.998789295886	-0.0044413357246932	0	0
39.3550075455777	39.9987892950459	-0.00451350162449636	0	0
39.9944749761097	39.9987892941789	-0.00458684012582965	0	0
40.6443329165213	39.9987892932836	-0.00466137028202216	0	0
41.3047501990161	39.9987892923565	-0.0047371114556646	0	0
41.9758983991007	39.998789291401	-0.00481408332453391	0	0
42.6579518801593	39.9987892904137	-0.00489230588544947	0	0
43.3510878387529	39.998789289395	-0.00497179946091358	0	0
44.0554863506553	39.998789288341	-0.00505258470290122	0	0
44.7713304176363	39.9987892872533	-0.00513468259946949	0	0
45.4988060150049	39.9987892861305	-0.00521811447975257	0	0
46.238102139926	39.9987892849694	-0.00530290201869157	0	0
46.9894108605215	39.9987892837738	-0.00538906724449225	0	0
47.7529273657691	39.9987892825366	-0.00547663254248967	0	0
48.5288500162121	39.9987892812586	-0.00556562066211398	0	0
49.3173803954936	39.9987892799379	-0.00565605472228057	0	0
50.1187233627272	39.9987892785764	-0.0057479582177141	0	0
50.9330871057195	39.9987892771694	-0.00584135502492659	0	0
51.7606831950568	39.9987892757157	-0.00593626940798735	0	0
52.6017266390706	39.9987892742125	-0.00603272602560522	0	0
53.4564359396972	39.9987892726638	-0.00613074993735642	0	0
54.3250331492433	39.9987892710617	-0.00623036660937948	0	0
55.2077439280757	39.9987892694092	-0.00633160192202616	0	0
56.1047976032471	39.9987892677018	-0.00643448217617586	0	0
57.0164272280747	39.998789265938	-0.00653903409995348	0	0
57.9428696426881	39.9987892641164	-0.00664528485581558	0	0
58.8843655355589	39.998789262236	-0.00675326204747285	0	0
59.841159506032	39.9987892602934	-0.00686299372733524	0	0
60.8135001278718	39.998789258287	-0.00697450840362912	0	0
61.8016400138416	39.9987892562145	-0.00708783504748671	0	0
62.8058358813318	39.9987892540736	-0.00720300310107529	0	0
63.8263486190549	39.9987892518652	-0.00732004248500988	0	0
64.8634433548238	39.9987892495822	-0.00743898360581151	0	0
65.9173895244321	39.9987892472256	-0.00755985736428674	0	0
66.9884609416526	39.9987892447904	-0.00768269516344606	0	0
68.0769358693742	39.9987892422754	-0.00780752891594766	0	0
69.1830970918936	39.9987892396805	-0.00793439105392668	0	0
70.3072319883833	39.9987892369984	-0.00806331453557965	0	0
71.4496326075513	39.9987892342275	-0.00819433285521003	0	0
72.6105957435155	39.9987892313688	-0.0083274800513705	0	0
73.7904230129101	39.9987892284132	-0.00846279071514606	0	0
74.9894209332456	39.9987892253631	-0.00860030000029223	0	0
76.2079010025412	39.9987892222149	-0.00874004363152537	0	0
77.4461797802519	39.9987892189578	-0.00888205791390433	0	0
78.7045789695099	39.9987892155985	-0.00902637974244833	0	0
79.9834255007028	39.9987892121291	-0.00917304661239723	0	0
81.2830516164099	39.9987892085424	-0.00932209662682506	0	0
82.6037949577179	39.9987892048415	-0.00947356850926756	0	0
83.9459986519398	39.9987892010196	-0.00962750161169987	0	0
85.310011401759	39.9987891970724	-0.00978393592553792	0	0
86.6961875758217	39.998789192994	-0.00994291209233415	0	0
88.1048873008014	39.9987891887822	-0.010104471413878	0	0
89.5364765549594	39.9987891844326	-0.0102686558632222	0	0
90.9913272632252	39.9987891799409	-0.0104355080949846	0	0
92.4698173938222	39.998789175303	-0.010605071457151	0	0
93.9723310564638	39.9987891705135	-0.0107773900020353	0	0
95.4992586021436	39.9987891655642	-0.0109525084980224	0	0
97.050996724549	39.9987891604545	-0.0111304724407767	0	0
98.627948563121	39.9987891551784	-0.0113113280643519	0	0
100.23052380779	39.9987891497274	-0.0114951223552096	0	0
101.859138805412	39.9987891440973	-0.0116819030628521	0	0
103.514216667934	39.9987891382856	-0.0118717187125493	0	0
105.196187382322	39.9987891322818	-0.0120646186182737	0	0
106.905487922266	39.998789126083	-0.012260652895148	0	0
108.642562361707	39.9987891196789	-0.0124598724723886	0	0
110.407861990207	39.9987891130657	-0.0126623291068655	0	0
112.201845430196	39.9987891062368	-0.0128680753970175	0	0
114.024978756117	39.9987890991824	-0.0130771647946796	0	0
115.877735615513	39.9987890918984	-0.0132896516218384	0	0
117.760597352081	39.9987890843761	-0.0135055910818262	0	0
119.674053130724	39.9987890766061	-0.0137250392752428	0	0
121.618600064637	39.998789068582	-0.0139480532141896	0	0
123.594743344451	39.9987890602946	-0.0141746908382756	0	0
125.602996369487	39.9987890517366	-0.0144050110269014	0	0
127.643880881134	39.9987890428954	-0.0146390736168342	0	0
129.717927098396	39.9987890337672	-0.0148769394177325	0	0
131.825673855641	39.998789024341	-0.0151186702264216	0	0
133.967668742594	39.9987890146046	-0.0153643288443886	0	0
136.144468246595	39.9987890045474	-0.015613979092617	0	0
138.356637897178	39.9987889941639	-0.0158676858311691	0	0
140.604752412991	39.9987889834373	-0.0161255149711338	0	0
142.88939585111	39.998788972361	-0.0163875334978883	0	0
145.211161758774	39.9987889609218	-0.0166538094819457	0	0
147.570653327589	39.9987889491078	-0.0169244121021176	0	0
149.968483550237	39.9987889369091	-0.017199411660625	0	0
152.405275379729	39.9987889243062	-0.0174788796011004	0	0
154.881661891248	39.998788911292	-0.0177628885304273	0	0
157.398286446622	39.9987888978548	-0.0180515122320743	0	0
159.955802861467	39.9987888839732	-0.0183448256907256	0	0
162.554875575048	39.998788869637	-0.0186429051084065	0	0
165.196179822901	39.998788854834	-0.0189458279265337	0	0
167.880401812256	39.9987888395437	-0.0192536728435336	0	0
170.608238900312	39.9987888237534	-0.0195665198368362	0	0
173.380399775414	39.9987888074437	-0.0198844501833797	0	0
176.197604641163	39.9987887906025	-0.0202075464816135	0	0
179.060585403529	39.9987887732081	-0.0205358926708429	0	0
181.970085860998	39.9987887552439	-0.0208695740547989	0	0
184.926861897808	39.9987887366921	-0.0212086773239566	0	0
187.931681680327	39.998788717532	-0.0215532905768056	0	0
190.985325856624	39.9987886977458	-0.0219035033427988	0	0
194.088587759278	39.9987886773067	-0.0222594066065159	0	0
197.242273611485	39.9987886562	-0.0226210928317497	0	0
200.447202736516	39.9987886344041	-0.022988655983483	0	0
203.704207770572	39.9987886118936	-0.0233621915544991	0	0
207.014134879104	39.998788588646	-0.0237417965875616	0	0
210.377843976647	39.9987885646335	-0.0241275697044001	0	0
213.796208950223	39.9987885398364	-0.0245196111277499	0	0
217.270117886374	39.9987885142268	-0.0249180227098469	0	0
220.80047330189	39.9987884877796	-0.0253229079569512	0	0
224.388192378277	39.9987884604629	-0.0257343720574429	0	0
228.034207200042	39.9987884322546	-0.0261525219090672	0	0
231.739464996848	39.9987884031191	-0.0265774661464282	0	0
235.504928389601	39.9987883730312	-0.0270093151693897	0	0
239.331575640539	39.9987883419576	-0.0274481811714734	0	0
243.220400907382	39.9987883098651	-0.0278941781689666	0	0
247.172414501613	39.9987882767196	-0.0283474220313573	0	0
251.188643150958	39.9987882424904	-0.0288080305104579	0	0
255.270130266125	39.9987882071412	-0.0292761232719181	0	0
259.417936211881	39.9987881706324	-0.0297518219248841	0	0
263.633138582538	39.9987881329269	-0.0302352500546425	0	0
267.916832481903	39.9987880939874	-0.0307265332556851	0	0
272.270130807791	39.998788053768	-0.03122579916181	0	0
276.694164541151	39.9987880122366	-0.0317331774824902	0	0
281.190083039894	39.9987879693412	-0.0322488000312528	0	0
285.759054337495	39.998787925043	-0.0327728007683911	0	0
290.402265446445	39.9987878792915	-0.0333053158258119	0	0
295.120922666638	39.9987878320422	-0.0338464835525436	0	0
299.916251898765	39.9987877832443	-0.0343964445405875	0	0
304.789498962798	39.9987877328465	-0.0349553416697018	0	0
309.741929921658	39.9987876808001	-0.0355233201402269	0	0
314.774831410132	39.9987876270469	-0.0361005275111853	0	0
319.88951096914	39.998787571533	-0.036687113740882	0	0
325.087297385434	39.9987875141992	-0.037283231221101	0	0
330.369541036815	39.9987874549898	-0.0378890348234611	0	0
335.737614242955	39.9987873938388	-0.038504681934422	0	0
341.192911621929	39.9987873306841	-0.0391303324977251	0	0
346.736850452532	39.9987872654615	-0.0397661490543232	0	0
352.370871042487	39.9987871981029	-0.0404122967906223	0	0
358.096437102636	39.9987871285359	-0.041068943571899	0	0
363.915036127207	39.9987870566901	-0.041736259994679	0	0
369.828179780266	39.9987869824925	-0.0424144194253861	0	0
375.837404288444	39.9987869058618	-0.0431035980483707	0	0
381.944270840047	39.9987868267199	-0.0438039749104787	0	0
388.150365990648	39.998786744985	-0.0445157319683166	0	0
394.457302075279	39.9987866605748	-0.0452390541352141	0	0
400.866717627303	39.9987865733978	-0.0459741293264339	0	0
407.380277804113	39.9987864833667	-0.0467211485139006	0	0
413.999674819731	39.9987863903826	-0.0474803057698999	0	0
420.726628384444	39.9987862943541	-0.0482517983243915	0	0
427.562886151586	39.9987861951796	-0.0490358266056125	0	0
434.510224171572	39.9987860927565	-0.0498325943029208	0	0
441.570447353312	39.9987859869768	-0.0506423084156694	0	0
448.745389933132	39.9987858777319	-0.0514651793033357	0	0
456.036915951296	39.9987857649071	-0.0523014207458697	0	0
463.446919736288	39.9987856483873	-0.0531512499972127	0	0
470.977326396953	39.9987855280527	-0.0540148878394107	0	0
478.630092322638	39.9987854037707	-0.0548925586432587	0	0
486.407205691462	39.9987852754194	-0.0557844904240821	0	0
494.310686986835	39.9987851428634	-0.0566909149053591	0	0
502.342589522387	39.998785005964	-0.0576120675691345	0	0
510.504999975406	39.9987848645809	-0.0585481877322506	0	0
518.800038928961	39.9987847185649	-0.0594995185914228	0	0
527.229861422823	39.9987845677644	-0.0604663073012814	0	0
535.796657513342	39.9987844120243	-0.0614488050280081	0	0
544.502652842421	39.9987842511827	-0.0624472670245985	0	0
553.350109215737	39.9987840850724	-0.0634619526868469	0	0
562.341325190349	39.9987839135184	-0.0644931256213362	0	0
571.478636671867	39.9987837363429	-0.0655410537284713	0	0
580.764417521312	39.9987835533635	-0.0666060092535768	0	0
590.201080171844	39.9987833643923	-0.0676882688686909	0	0
599.79107625551	39.998783169227	-0.0687881137388293	0	0
609.53689724017	39.9987829676697	-0.0699058296000082	0	0
619.441075076782	39.998782759509	-0.0710417068308003	0	0
629.506182857197	39.9987825445288	-0.0721960405242132	0	0
639.734835482648	39.9987823225034	-0.0733691305742616	0	0
650.12969034309	39.9987820932041	-0.0745612817416355	0	0
660.693448007596	39.9987818563935	-0.0757728037444639	0	0
671.428852925953	39.9987816118253	-0.0770040113277068	0	0
682.33869414167	39.9987813592446	-0.0782552243518153	0	0
693.425806016569	39.9987810983919	-0.0795267678803202	0	0
704.693068967147	39.9987808289901	-0.0808189722504239	0	0
716.143410212902	39.9987805507612	-0.0821321731709071	0	0
727.779804536825	39.9987802634201	-0.0834667118015274	0	0
739.605275058238	39.9987799666629	-0.0848229348501786	0	0
751.622894018206	39.998779660184	-0.0862011946562584	0	0
763.835783577691	39.9987793436664	-0.0876018492841924	0	0
776.247116628692	39.9987790167764	-0.0890252626153743	0	0
788.860117618554	39.9987786791793	-0.0904718044414718	0	0
801.67806338768	39.9987783305198	-0.0919418505659005	0	0
814.70428402084	39.9987779704402	-0.0934357828966095	0	0
827.942163712335	39.9987775985612	-0.0949539895512339	0	0
841.395141645196	39.9987772145026	-0.0964968649436344	0	0
855.066712884683	39.9987768178597	-0.0980648099057852	0	0
868.960429286302	39.9987764082218	-0.0996582317780038	0	0
883.079900418563	39.9987759851658	-0.101277544518719	0	0
897.428794500749	39.9987755482473	-0.102923168812734	0	0
912.01083935591	39.9987750970156	-0.104595532179744	0	0
926.82982337935	39.9987746310017	-0.10629506908891	0	0
941.889596522841	39.9987741497196	-0.108022221067056	0	0
957.194071294845	39.9987736526705	-0.109777436805283	0	0
972.747223776965	39.9987731393372	-0.111561172304224	0	0
988.553094656939	39.9987726091875	-0.113373890955738	0	0
1004.6157902784	39.9987720616686	-0.11521606368924	0	0
1020.93948370768	39.9987714962118	-0.11708816908516	0	0
1037.52841581801	39.9987709122297	-0.118990693495779	0	0
1054.38689639126	39.9987703091164	-0.120924131179602	0	0
1071.51930523761	39.9987696862441	-0.122888984423808	0	0
1088.93009333343	39.9987690429673	-0.12488576367809	0	0
1106.62378397767	39.9987683786153	-0.126914987680848	0	0
1124.60497396693	39.9987676924954	-0.128977183602455	0	0
1142.87833478977	39.9987669839001	-0.131072887180134	0	0
1161.44861384034	39.9987662520905	-0.133202642851143	0	0
1180.32063565173	39.9987654963038	-0.135367003899154	0	0
1199.49930314938	39.9987647157598	-0.137566532599626	0	0
1218.98959892487	39.9987639096409	-0.139801800363007	0	0
1238.79658653037	39.9987630771153	-0.142073387881467	0	0
1258.92541179417	39.9987622173127	-0.144381885280545	0	0
1279.38130415753	39.9987613293434	-0.146727892275361	0	0
1300.16957803329	39.9987604122831	-0.149112018329466	0	0
1321.29563418658	39.9987594651797	-0.151534882798813	0	0
1342.76496113786	39.9987584870468	-0.153997115110312	0	0
1364.58313658893	39.9987574768702	-0.156499354901684	0	0
1386.75582887189	39.9987564335977	-0.159042252230328	0	0
1409.28879842187	39.9987553561452	-0.161626467691389	0	0
1432.18789927354	39.9987542433967	-0.164252672617147	0	0
1455.45908058197	39.998753094192	-0.166921549253755	0	0
1479.10838816821	39.9987519073407	-0.169633790924012	0	0
1503.14196609002	39.9987506816026	-0.172390102213692	0	0
1527.56605823807	39.9987494157114	-0.175191199167479	0	0
1552.38700995808	39.9987481083455	-0.17803780944435	0	0
1577.61126969935	39.9987467581509	-0.180930672544824	0	0
1603.24539069004	39.9987453637198	-0.183870539962092	0	0
1629.29603263972	39.9987439236088	-0.186858175419848	0	0
1655.76996346953	39.9987424363176	-0.189894355037043	0	0
1682.67406107047	39.9987409002989	-0.192979867536807	0	0
1710.01531509029	39.9987393139611	-0.196115514464929	0	0
1737.80082874938	39.9987376756541	-0.199302110379583	0	0
1766.03782068616	39.998735983671	-0.202540483085543	0	0
1794.73362683253	39.9987342362601	-0.205831473822383	0	0
1823.89570231964	39.9987324316007	-0.20917593750249	0	0
1853.53162341481	39.9987305678202	-0.212574742924214	0	0
1883.6490894898	39.9987286429772	-0.216028772995266	0	0
1914.25592502109	39.9987266550766	-0.219538924974097	0	0
1945.36008162266	39.998724602051	-0.223106110687203	0	0
1976.96964011186	39.9987224817653	-0.226731256780242	0	0
2009.09281260873	39.9987202920188	-0.230415304945348	0	0
2041.73794466953	39.9987180305339	-0.234159212180051	0	0
2074.91351745491	39.9987156949613	-0.237963951012549	0	0
2108.62814993329	39.9987132828711	-0.241830509782551	0	0
2142.89060112006	39.9987107917599	-0.245759892881184	0	0
2177.70977235316	39.9987082190395	-0.249753121015389	0	0
2213.09470960564	39.998705562032	-0.253811231459749	0	0
2249.05460583578	39.9987028179811	-0.257935278353693	0	0
2285.59880337543	39.998699984031	-0.262126332946643	0	0
2322.73679635711	39.9986970572416	-0.266385483904619	0	0
2360.47823318058	39.9986940345664	-0.270713837564951	0	0
2398.83291901949	39.9986909128667	-0.275112518220167	0	0
2437.81081836875	39.9986876888971	-0.279582668449662	0	0
2477.42205763329	39.9986843593106	-0.28412544938113	0	0
2517.67692775886	39.9986809206429	-0.288742041005807	0	0
2558.58588690564	39.9986773693232	-0.293433642459675	0	0
2600.15956316527	39.9986737016615	-0.298201472376279	0	0
2642.40875732195	39.9986699138417	-0.303046769174927	0	0
2685.34444565851	39.9986660019344	-0.307970791387893	0	0
2728.97778280804	39.9986619618706	-0.312974817982801	0	0
2773.32010465184	39.9986577894517	-0.318060148704687	0	0
2818.38293126446	39.998653480344	-0.323228104406242	0	0
2864.17796990658	39.9986490300674	-0.328480027374188	0	0
2910.7171180666	39.9986444339979	-0.333817281718791	0	0
2958.01246655155	39.9986396873608	-0.33924125368266	0	0
3006.07630262823	39.9986347852216	-0.344753352030919	0	0
3054.92111321551	39.9986297224881	-0.350355008409921	0	0
3104.55958812835	39.9986244938976	-0.35604767769621	0	0
3155.00462337463	39.9986190940195	-0.361832838399185	0	0
3206.26932450547	39.998613517239	-0.367711993031372	0	0
3258.36701002009	39.9986077577634	-0.373686668513301	0	0
3311.31121482591	39.9986018096082	-0.379758416554406	0	0
3365.11569375491	39.9985956665903	-0.385928814042145	0	0
3419.79442513709	39.9985893223275	-0.392199463487225	0	0
3475.36161443206	39.9985827702293	-0.398571993419408	0	0
3531.83169791957	39.9985760034837	-0.405048058783727	0	0
3589.21934645006	39.998569015062	-0.411629341415162	0	0
3647.53946925608	39.9985617977015	-0.418317550443775	0	0
3706.80721782576	39.9985543439028	-0.425114422743104	0	0
3767.03798983909	39.9985466459204	-0.4320217233978	0	0
3828.24743316823	39.9985386957559	-0.43904124611523	0	0
3890.4514499428	39.9985304851473	-0.446174813745681	0	0
3953.66620068128	39.9985220055636	-0.453424278727692	0	0
4017.9081084894	39.9985132481961	-0.460791523533774	0	0
4083.19386332692	39.9985042039424	-0.468278461237502	0	0
4149.54042634362	39.9984948634056	-0.475887035917807	0	0
4216.96503428582	39.9984852168818	-0.483619223245188	0	0
4285.4852039744	39.9984752543444	-0.491477030924855	0	0
4355.11873685569	39.9984649654467	-0.499462499251561	0	0
4425.88372362626	39.9984543394953	-0.507577701622696	0	0
4497.79854893288	39.9984433654491	-0.515824745098184	0	0
4570.88189614875	39.9984320319086	-0.524205770923784	0	0
4645.1527522275	39.9984203270954	-0.53272295506164	0	0
4720.6304126359	39.9984082388483	-0.54137850880142	0	0
4797.33448636689	39.9983957546098	-0.550174679314143	0	0
4875.28490103386	39.9983828614073	-0.559113750213028	0	0
4954.5019080479	39.9983695458456	-0.568198042155731	0	0
5035.00608787905	39.9983557940902	-0.577429913449718	0	0
5116.81835540308	39.9983415918542	-0.586811760653712	0	0
5199.95996533517	39.9983269243815	-0.596346019200755	0	0
5284.45251775181	39.9983117764332	-0.606035164013249	0	0
5370.31796370253	39.9982961322733	-0.615881710168569	0	0
5457.57861091271	39.9982799756466	-0.62588821350749	0	0
5546.25712957911	39.9982632897697	-0.636057271336059	0	0
5636.37655825955	39.9982460573084	-0.646391523054037	0	0
5727.96030985829	39.9982282603578	-0.656893650873392	0	0
5821.03217770872	39.9982098804307	-0.66756638048487	0	0
5915.61634175475	39.9981908984337	-0.678412481742755	0	0
6011.73737483277	39.9981712946455	-0.689434769433596	0	0
6109.42024905572	39.998151048704	-0.700636103951366	0	0
6208.69034230064	39.9981301395757	-0.712019392051821	0	0
6309.57344480194	39.9981085455407	-0.723587587589855	0	0
6412.09576585161	39.998086244167	-0.735343692289891	0	0
6516.28394060842	39.9980632122889	-0.747290756516876	0	0
6622.16503701762	39.9980394259832	-0.75943188004422	0	0
6729.76656284317	39.9980148605414	-0.771770212885712	0	0
6839.11647281429	39.9979894904461	-0.784308956044744	0	0
6950.24317588796	39.9979632893469	-0.797051362400192	0	0
7063.17554262962	39.9979362300288	-0.810000737479491	0	0
7177.94291271362	39.9979082843863	-0.823160440380408	0	0
7294.57510254569	39.9978794233938	-0.836533884550719	0	0
7413.10241300918	39.997849617077	-0.850124538708673	0	0
7533.55563733718	39.9978188344775	-0.863935927740569	0	0
7655.96606911257	39.997787043625	-0.877971633553259	0	0
7780.36551039804	39.9977542115044	-0.892235296037023	0	0
7906.78627999826	39.9977203040175	-0.906730613997284	0	0
8035.26122185618	39.9976852859518	-0.921461346045668	0	0
8165.82371358593	39.9976491209418	-0.936431311628999	0	0
8298.50767514422	39.9976117714305	-0.951644391947733	0	0
8433.34757764276	39.9975731986344	-0.967104530986279	0	0
8570.3784523037	39.9975333624985	-0.982815736481992	0	0
8709.6358995608	39.9974922216587	-0.998782080976652	0	0
8851.15609830835	39.9974497333958	-1.01500770283998	0	0
8994.97581530035	39.9974058535937	-1.0314968073241	0	0
9141.1324147025	39.9973605366936	-1.04825366762425	0	0
9289.66386779935	39.9973137356442	-1.06528262597972	0	0
9440.60876285923	39.9972654018563	-1.08258809475865	0	0
9594.00631515933	39.9972154851499	-1.10017455759101	0	0
9749.89637717386	39.9971639337042	-1.11804657050023	0	0
9908.31944892768	39.9971106940031	-1.13620876305307	0	0
10069.316688518	39.9970557107791	-1.15466583953271	0	0
10232.9299228075	39.9969989269585	-1.17342258013073	0	0
10399.2016582906	39.9969402835993	-1.19248384214682	0	0
10568.1750921366	39.9968797198322	-1.21185456123239	0	0
10739.8941234125	39.9968171727972	-1.23153975260647	0	0
10914.4033644876	39.9967525775791	-1.25154451233944	0	0
11091.748152624	39.9966858671393	-1.27187401862385	0	0
11271.9745617551	39.9966169722472	-1.29253353308838	0	0
11455.1294144554	39.9965458214088	-1.31352840211393	0	0
11641.2602941049	39.9964723407923	-1.3348640581446	0	0
11830.4155572517	39.9963964541523	-1.35654602109785	0	0
12022.6443461741	39.996318082751	-1.37857989970881	0	0
12217.9966016487	39.996237145277	-1.40097139293999	0	0
12416.5230759241	39.9961535577607	-1.42372629142458	0	0
12618.2753459067	39.9960672334883	-1.44685047885602	0	0
12823.3058265602	39.9959780829123	-1.47034993350635	0	0
13031.667784523	39.9958860135589	-1.49423072968976	0	0
13243.4153519466	39.9957909299328	-1.5184990392472	0	0
13458.6035405595	39.9956927334181	-1.54316113312152	0	0
13677.2882559585	39.9955913221783	-1.56822338286177	0	0
13899.5263121335	39.9954865910487	-1.59369226221396	0	0
14125.3754462275	39.9953784314312	-1.61957434874129	0	0
14354.8943335366	39.9952667311798	-1.64587632538517	0	0
14588.1426027535	39.9951513744862	-1.67260498214854	0	0
14825.1808514595	39.9950322417612	-1.69976721776706	0	0
15066.0706618674	39.9949092095107	-1.7273700413408	0	0
15310.8746168203	39.9947821502091	-1.75542057411505	0	0
15559.6563160508	39.9946509321673	-1.78392605115398	0	0
15812.4803927038	39.9945154193991	-1.81289382313837	0	0
16069.4125301288	39.9943754714804	-1.84233135812627	0	0
16330.5194789433	39.9942309434044	-1.87224624337171	0	0
16595.8690743756	39.9940816854332	-1.90264618713743	0	0
16865.5302538874	39.9939275429451	-1.93353902057209	0	0
17139.5730750843	39.9937683562745	-1.96493269957514	0	0
17418.0687339161	39.9936039605489	-1.99683530669957	0	0
17701.0895831742	39.9934341855195	-2.02925505308321	0	0
17988.7091512879	39.9932588553871	-2.06220028042069	0	0
18281.0021614274	39.9930777886222	-2.09567946290546	0	0
18578.044550917	39.9928907977786	-2.12970120927799	0	0
18879.9134909629	39.9926976893022	-2.1642742648154	0	0
19186.6874067029	39.9924982633327	-2.19940751341516	0	0
19498.4459975804	39.9922923134993	-2.23510997965115	0	0
19815.270258051	39.9920796267102	-2.27139083090434	0	0
20137.2424986239	39.9918599829349	-2.30825937947661	0	0
20464.4463672467	39.9916331549795	-2.34572508475543	0	0
20796.966871037	39.9913989082554	-2.38379755538096	0	0
21134.8903983665	39.9911570005397	-2.42248655147831	0	0
21478.3047413053	39.9909071817293	-2.46180198686362	0	0
21827.29911843	39.9906491935856	-2.50175393132031	0	0
22181.9641980022	39.9903827694723	-2.54235261286723	0	0
22542.3921215243	39.9901076340841	-2.58360842006845	0	0
22908.6765276777	39.9898235031677	-2.6255319043724	0	0
23280.9125766501	39.9895300832324	-2.66813378246205	0	0
23659.1969748576	39.9892270712535	-2.71142493862846	0	0
24043.6280000694	39.9889141543646	-2.75541642718021	0	0
24434.3055269397	39.9885910095413	-2.80011947487363	0	0
24831.3310529557	39.988257303274	-2.84554548335328	0	0
25234.8077248058	39.9879126912315	-2.89170603162832	0	0
25644.8403651772	39.9875568179127	-2.93861287856612	0	0
26061.535499989	39.9871893162887	-2.98627796541385	0	0
26485.001386067	39.9868098074326	-3.03471341832203	0	0
26915.3480392692	39.9864179001379	-3.0839315509186	0	0
27352.6872630671	39.9860131905256	-3.13394486686966	0	0
27797.1326775929	39.9855952616382	-3.18476606248866	0	0
28248.799749157	39.9851636830214	-3.23640802934693	0	0
28707.8058202469	39.9847180102927	-3.28888385689508	0	0
29174.2701400116	39.9842577846972	-3.34220683513609	0	0
29648.3138952434	39.9837825326479	-3.39639045725663	0	0
30130.0602418612	39.9832917652539	-3.45144842233431	0	0
30619.6343369068	39.9827849778322	-3.50739463801116	0	0
31117.1633710602	39.9822616494059	-3.5642432232074	0	0
31622.7766016838	39.9817212421856	-3.62200851082588	0	0
32136.6053864032	39.9811632010358	-3.68070505048777	0	0
32658.7832172336	39.9805869529245	-3.74034761125042	0	0
33189.445755261	39.9799919063564	-3.80095118436153	0	0
33728.7308658869	39.9793774507877	-3.86253098598401	0	0
34276.778654645	39.9787429560247	-3.92510245995456	0	0
34833.7315036012	39.9780877716023	-3.98868128051977	0	0
35399.7341083434	39.9774112261458	-4.05328335509131	0	0
35974.9335155743	39.9767126267109	-4.1189248269754	0	0
36559.4791613125	39.975991258106	-4.18562207811045	0	0
37153.5229097173	39.9752463821929	-4.25339173180866	0	0
37757.2190925416	39.9744772371671	-4.32225065544772	0	0
38370.7245492279	39.9736830368161	-4.39221596319155	0	0
38994.1986676543	39.9728629697562	-4.463305018673	0	0
39627.8034255439	39.9720161986464	-4.53553543765057	0	0
40271.7034325459	39.9711418593786	-4.6089250906661	0	0
40926.0659730011	39.9702390602447	-4.68349210565477	0	0
41591.0610494022	39.9693068810792	-4.75925487052972	0	0
42266.8614265603	39.9683443723761	-4.83623203574255	0	0
42953.6426764887	39.9673505543803	-4.91444251679245	0	0
43651.5832240166	39.9663244161534	-4.99390549670396	0	0
44360.8643931432	39.9652649146117	-5.07464042845653	0	0
45081.670454146	39.9641709735368	-5.15666703735078	0	0
45814.1886714533	39.963041482558	-5.24000532333939	0	0
46558.6093522959	39.9618752961059	-5.32467556327573	0	0
47315.1258961481	39.9606712323363	-5.41069831311638	0	0
48083.9348449729	39.9594280720235	-5.49809441002509	0	0
48865.2359342833	39.9581445574228	-5.58688497442705	0	0
49659.2321450336	39.9568193911024	-5.6770914119507	0	0
50466.1297563529	39.9554512347409	-5.76873541530025	0	0
51286.1383991365	39.9540387078938	-5.86183896601727	0	0
52119.471110508	39.9525803867253	-5.95642433613444	0	0
52966.3443891659	39.9510748027061	-6.0525140897242	0	0
53826.9782516287	39.9495204412759	-6.15013108431878	0	0
54701.5962893972	39.9479157404706	-6.24929847220184	0	0
55590.4257270403	39.9462590895131	-6.35003970156439	0	0
56493.6974812303	39.9445488273666	-6.45237851750438	0	0
57411.6462207327	39.9427832412514	-6.55633896288223	0	0
58344.5104273745	39.9409605651219	-6.66194537898466	0	0
59292.5324579999	39.9390789781065	-6.76922240604277	0	0
60255.9586074359	39.9371366029067	-6.87819498353134	0	0
61235.0391724773	39.9351315041564	-6.98888835027918	0	0
62230.0285169159	39.9330616867419	-7.10132804437224	0	0
63241.1851376219	39.9309250940789	-7.21553990282357	0	0
64268.771731702	39.9287196063495	-7.33155006100277	0	0
65313.0552647472	39.9264430386966	-7.44938495182671	0	0
66374.3070401909	39.9240931393759	-7.56907130466797	0	0
67452.8027697922	39.9216675878651	-7.69063614399982	0	0
68548.8226452662	39.9191639929304	-7.81410678773276	0	0
69662.6514110768	39.9165798906491	-7.93951084524399	0	0
70794.5784384139	39.9139127423892	-8.06687621508543	0	0
71944.89780037	39.9111599327445	-8.19623108234108	0	0
73113.9083483417	39.9083187674268	-8.32760391562277	0	0
74301.9137896701	39.9053864711139	-8.46102346368906	0	0
75509.2227665435	39.9023601852534	-8.59651875166535	0	0
76736.1489361819	39.8992369658237	-8.73411907684165	0	0
77983.0110523258	39.8960137810511	-8.8738540040405	0	0
79250.1330480471	39.8926875090842	-9.01575336051518	0	0
80537.8441199067	39.8892549356255	-9.15984723037508	0	0
81846.478813479	39.8857127515213	-9.3061659485079	0	0
83176.3771102671	39.88205755031	-9.45474009397389	0	0
84527.8845160289	39.87828582573	-9.60560048285379	0	0
85901.3521505396	39.8743939691887	-9.75877816052354	0	0
87297.1368388112	39.8703782671917	-9.91430439332826	0	0
88715.601203796	39.8662348987364	-10.0722106596444	0	0
90157.1137605957	39.8619599326691	-10.2325286402759	0	0
91622.0490122	39.857549325008	-10.3952902081924	0	0
93110.787546783	39.8529989162342	-10.5605274175539	0	0
94623.7161365792	39.8483044285526	-10.7282724920104	0	0
96161.2278383665	39.8434614631241	-10.898557812239	0	0
97723.7220955811	39.838465497273	-11.0714159027003	0	0
99311.6048420934	39.8333118816713	-11.2468794175708	0	0
100925.288607669	39.8279958375028	-11.424981125835	0	0
102565.192625141	39.8225124536108	-11.6057538954971	0	0
104231.74293933	39.8168566836324	-11.7892306768928	0	0
105925.372517729	39.8110233431234	-11.9754444850534	0	0
107646.521362984	39.8050071066781	-12.1644283811125	0	0
109395.636627209	39.7988025050475	-12.3562154527068	0	0
111173.172728159	39.7924039222616	-12.5508387933517	0	0
112979.59146728	39.7858055927611	-12.7483314807545	0	0
114815.362149688	39.779001598542	-12.9487265540343	0	0
116680.961706096	39.7719858663217	-13.152056989825	0	0
118576.874816716	39.7647521647302	-13.3583556772222	0	0
120503.59403718	39.7572941015353	-13.5676553915511	0	0
122461.619926505	39.7496051209064	-13.779988766925	0	0
124451.461177138	39.7416785007264	-13.9953882675636	0	0
126473.634747115	39.7335073499587	-14.2138861578496	0	0
128528.665994362	39.7250846060774	-14.4355144710923	0	0
130617.088813184	39.7164030325695	-14.6603049769755	0	0
132739.445772974	39.7074552165194	-14.8882891476713	0	0
134896.288259165	39.6982335662832	-15.1194981225895	0	0
137088.176616485	39.688730309266	-15.353962671753	0	0
139315.68029453	39.6789374898095	-15.5917131577742	0	0
141579.377995708	39.6688469672041	-15.8327794964245	0	0
143879.857825585	39.6584504138348	-16.0771911157785	0	0
146217.717445672	39.6477393134748	-16.3249769139324	0	0
148593.564228701	39.636704959738	-16.5761652152822	0	0
151008.015416415	39.6253384547042	-16.8307837253633	0	0
153461.698279929	39.6136307077312	-17.0888594842594	0	0
155955.250282695	39.6015724344659	-17.3504188185731	0	0
158489.319246112	39.5891541560706	-17.6154872919834	0	0
161064.563517827	39.5763661986794	-17.8840896543959	0	0
163681.652142781	39.5631986930978	-18.1562497897086	0	0
166341.265037017	39.5496415747645	-18.4319906622222	0	0
169044.093164326	39.5356845839879	-18.7113342617222	0	0
171790.838715759	39.5213172664765	-18.9943015472753	0	0
174582.21529205	39.5065289741776	-19.2809123897807	0	0
177418.948089016	39.4913088664427	-19.5711855133332	0	0
180301.774085957	39.4756459115348	-19.8651384354495	0	0
183231.442237121	39.4595288884966	-20.162787406232	0	0
186208.713666287	39.4429463893945	-20.4641473465406	0	0
189234.361864497	39.4258868219575	-20.7692317852506	0	0
192309.172891016	39.4083384126265	-21.0780527957007	0	0
195433.94557754	39.3902892100312	-21.3906209314143	0	0
198609.491735737	39.3717270889114	-21.7069451612175	0	0
201836.636368156	39.352639754498	-22.0270328038621	0	0
205116.217882557	39.3330147473704	-22.3508894622857	0	0
208449.088309729	39.3128394488048	-22.6785189576461	0	0
211836.113524851	39.2921010866272	-23.009923263274	0	0
215278.173472437	39.2707867415867	-23.3451024387021	0	0
218776.162394955	39.2488833542588	-23.6840545639379	0	0
222330.989065141	39.2263777324939	-24.0267756741533	0	0
225943.577022098	39.2032565594178	-24.3732596949772	0	0
229614.864811236	39.179506401997	-24.7234983785881	0	0
233345.806228101	39.1551137201737	-25.077481240807	0	0
237137.370566166	39.130064876578	-25.4351954994039	0	0
240990.542868659	39.1043461468219	-25.7966260138401	0	0
244906.324184475	39.0779437303773	-26.161755226675	0	0
248885.731828239	39.0508437620383	-26.5305631068685	0	0
252929.799644615	39.0230323239675	-26.9030270952284	0	0
257039.578276886	38.9944954583211	-27.2791220522469	0	0
261216.135439921	38.9652191804476	-27.6588202085772	0	0
265460.556197554	38.9351894926515	-28.0420911184122	0	0
269773.943244492	38.9043923985101	-28.4289016160217	0	0
274157.417192788	38.8728139177296	-28.8192157757103	0	0
278612.116862977	38.8404401015242	-29.2129948754577	0	0
283139.199579938	38.8072570484985	-29.6101973645053	0	0
287739.841473567	38.7732509210091	-30.010778835143	0	0
292415.237784334	38.7384079619818	-30.414691998956	0	0
297166.603173802	38.7027145121545	-30.8218866677815	0	0
301995.172040202	38.6661570277135	-31.2323097396137	0	0
306902.198839116	38.6287220982902	-31.645905189697	0	0
311888.958409393	38.5903964652781	-32.0626140670293	0	0
316956.746304349	38.5511670404306	-32.4823744964873	0	0
322106.879128343	38.5110209246957	-32.9051216867731	0	0
327340.694878838	38.4699454272405	-33.3307879443642	0	0
332659.553294005	38.4279280846162	-33.759302693634	0	0
338064.836205982	38.3849566800128	-34.1905925032871	0	0
343557.947899875	38.3410192625474	-34.6245811192385	0	0
349140.315478586	38.2961041665315	-35.0611895040361	0	0
354813.389233575	38.2502000306584	-35.5003358829137	0	0
360578.643021643	38.2032958170493	-35.9419357965184	0	0
366437.574647833	38.1553808300995	-36.3859021603531	0	0
372391.706254568	38.1064447350588	-36.8321453309253	0	0
378442.584717094	38.0564775762852	-37.2805731785784	0	0
384591.782045354	38.0054697951069	-37.7310911669479	0	0
390840.895792403	37.9534122472285	-38.1836024389548	0	0
397191.54946944	37.9002962196176	-38.6380079092159	0	0
403645.392967605	37.8461134468095	-39.0942063627273	0	0
410204.102986607	37.7908561265663	-39.5520945596345	0	0
416869.383470335	37.7345169348309	-40.0115673458854	0	0
423642.966049541	37.6770890399158	-40.4725177695206	0	0
430526.610491711	37.6185661158703	-40.9348372023338	0	0
437522.105158252	37.558942354972	-41.3984154666041	0	0
444631.267469108	37.4982124792902	-41.8631409665713	0	0
451855.944374922	37.4363717512738	-42.3289008243068	0	0
459198.012836868	37.3734159833189	-42.7955810195986	0	0
466659.380314289	37.3093415462749	-43.2630665334572	0	0
474241.985260245	37.244145376853	-43.7312414948187	0	0
481947.797625127	37.1778249839054	-44.1999893300091	0	0
489778.819368447	37.110378453547	-44.6691929145176	0	0
497737.084978937	37.0418044530979	-45.1387347266099	0	0
505824.662003113	36.9721022338291	-45.6084970023052	0	0
514043.651582426	36.9012716324997	-46.0783618912322	0	0
522396.18899912	36.8293130716776	-46.5482116128708	0	0
530884.444230989	36.7562275588444	-47.0179286126905	0	0
539510.622515128	36.6820166842858	-47.4873957176903	0	0
548276.964920854	36.6066826177787	-47.9564962908529	0	0
557185.748931931	36.5302281040892	-48.4251143840309	0	0
566239.289038254	36.4526564573003	-48.8931348887924	0	0
575439.937337157	36.3739715539946	-49.3604436847641	0	0
584790.084144481	36.2941778253219	-49.8269277850271	0	0
594292.158615572	36.2132802479851	-50.2924754781338	0	0
603948.62937638	36.1312843341831	-50.7569764663391	0	0
613762.005164794	36.0481961205534	-51.2203219996533	0	0
623734.835482419	35.9640221561608	-51.6824050053555	0	0
633869.711256928	35.8787694895816	-52.1431202126244	0	0
644169.265515177	35.7924456551365	-52.6023642719748	0	0
654636.174067274	35.7050586583274	-53.060035869215	0	0
665273.156201742	35.6166169605369	-53.5160358336658	0	0
676082.975391982	35.5271294630495	-53.9702672404188	0	0
687068.440014232	35.4366054904562	-54.4226355064336	0	0
698232.404077172	35.3450547735055	-54.8730484803122	0	0
709577.76796339	35.2524874314647	-55.3214165256126	0	0
721107.479182902	35.1589139540541	-55.7676525976012	0	0
732824.533138904	35.0643451830199	-56.2116723133673	0	0
744731.973905988	34.9687922934074	-56.6533940152591	0	0
756832.895020975	34.8722667746001	-57.0927388276242	0	0
769130.44028661	34.7747804111846	-57.5296307068693	0	0
781627.804588329	34.676345263703	-57.9639964848814	0	0
794328.234724283	34.5769736493525	-58.3957659058743	0	0
807235.030248839	34.4766781226892	-58.8248716567535	0	0
820351.544329816	34.375471456391	-59.2512493911145	0	0
833681.184619634	34.2733666221338	-59.6748377470089	0	0
847227.414140595	34.1703767716311	-60.0955783586339	0	0
860993.752184601	34.0665152178848	-60.5134158621211	0	0
874983.775227436	33.9617954166932	-60.9282978956129	0	0
889201.117857948	33.856230948458	-61.3401750938339	0	0
903649.473722302	33.74983550033	-61.7490010773723	0	0
918332.596483581	33.64262284873	-62.1547324369044	0	0
933254.300796991	33.5346068422789	-62.5573287125981	0	0
948418.463300896	33.4258013851656	-62.9567523689433	0	0
963829.023623969	33.3162204209825	-63.3529687652622	0	0
979489.985408699	33.2058779170503	-63.7459461221564	0	0
995405.417351527	33.0947878492562	-64.1356554841508	0	0
1011579.4542599	32.98296418742	-64.5220706787971	0	0
1028016.29812647	32.8704208812083	-64.9051682724993	0	0
1044720.2192208	32.7571718466049	-65.2849275233202	0	0
1061695.55719872	32.6432309529506	-65.661330331031	0	0
1078946.72222983	32.5286120105587	-66.034361184656	0	0
1096478.19614319	32.4133287589107	-66.4040071077665	0	0
1114294.53359173	32.297394855436	-66.7702576017667	0	0
1132400.36323556	32.180823864875	-67.1331045874148	0	0
1150800.38894444	32.0636292492244	-67.4925423448079	0	0
1169499.39101987	31.9458243582622	-67.8485674520586	0	0
1188502.22743702	31.8274224206444	-68.2011787228808	0	0
1207813.83510678	31.7084365355699	-68.5503771432913	0	0
1227439.23115841	31.5888796650024	-68.8961658076282	0	0
1247383.51424294	31.4687646264406	-69.2385498540771	0	0
1267651.86585785	31.3481040862254	-69.5775363998852	0	0
1288249.55169314	31.2269105533722	-69.9131344764355	0	0
1309181.92299941	31.1051963739146	-70.2453549643427	0	0
1330454.41797809	30.9829737257458	-70.5742105287233	0	0
1352072.56319428	30.860254613943	-70.8997155547823	0	0
1374041.97501251	30.7370508665586	-71.2218860838489	0	0
1396368.36105594	30.6133741308639	-71.5407397499852	0	0
1419057.52168909	30.4892358700272	-71.8562957172815	0	0
1442115.35152487	30.3646473602106	-72.1685746179441	0	0
1465547.84095591	30.2396196880686	-72.4775984912703	0	0
1489361.07771092	30.1141637486308	-72.7833907235983	0	0
1513561.24843621	29.988290243553	-73.0859759893122	0	0
1538154.64030303	29.8620096797174	-73.3853801929718	0	0
1563147.64264095	29.7353323681673	-73.6816304126301	0	0
1588546.74859778	29.6082684233576	-73.9747548443962	0	0
1614358.55682649	29.4808277627052	-74.2647827482898	0	0
1640589.77319954	29.3530201064225	-74.5517443954316	0	0
1667247.21255107	29.2248549776183	-74.8356710166031	0	0
1694337.80044733	29.0963417026498	-75.1165947522065	0	0
1721868.574986	28.9674894117095	-75.3945486036488	0	0
1749846.68862466	28.8383070396337	-75.6695663861675	0	0
1778279.41003892	28.708803326916	-75.9416826831114	0	0
1807174.12601092	28.5789868209125	-76.210932801687	0	0
1836538.34334835	28.4488658772243	-76.4773527301724	0	0
1866379.69083467	28.3184486612443	-76.740979096601	0	0
1896705.92121115	28.1877431498554	-77.001849128911	0	0
1927524.91319094	28.0567571332671	-77.2600006165536	0	0
1958844.67350599	27.9254982169787	-77.515471873551	0	0
1990673.33898719	27.7939738238583	-77.7683017029903	0	0
2023019.17867827	27.6621911963255	-78.0185293629387	0	0
2055890.59598414	27.5301573986279	-78.2661945337623	0	0
2089296.13085404	27.3978793192016	-78.511337286829	0	0
2123244.46200022	27.2653636731053	-78.7539980545722	0	0
2157744.40915267	27.1326170045192	-78.9942176018954	0	0
2192804.93535045	26.9996456893013	-79.2320369988886	0	0
2228435.1492703	26.8664559375901	-79.467497594835	0	0
2264644.30759306	26.7330537964491	-79.7006409934769	0	0
2301441.81740851	26.5994451525432	-79.9315090295162	0	0
2338837.23865936	26.4656357348422	-80.1601437463183	0	0
2376840.28662488	26.3316311173425	-80.3865873747915	0	0
2415460.83444494	26.1974367218035	-80.6108823134119	0	0
2454708.91568503	26.0630578204907	-80.8330711093627	0	0
2494594.72694296	25.9284995389213	-81.0531964407591	0	0
2535128.63049791	25.7937668586074	-81.2713010999272	0	0
2576321.15700258	25.6588646197909	-81.4874279777065	0	0
2618183.00821899	25.5237975241668	-81.7016200487455	0	0
2660725.05979881	25.3885701375911	-81.9139203577614	0	0
2703958.36410885	25.2531868927675	-82.1243720067318	0	0
2747894.1531024	25.1176520919122	-82.3330181429892	0	0
2792543.84123734	24.9819699093915	-82.5399019481905	0	0
2837919.02844156	24.8461443943292	-82.7450666281297	0	0
2884031.5031266	24.7101794731833	-82.9485554033674	0	0
2930893.24525032	24.5740789522858	-83.1504115006479	0	0
2978516.42942919	24.4378465203473	-83.3506781450757	0	0
3026913.42810131	24.3014857509208	-83.5493985530268	0	0
3076096.81474071	24.1650001048252	-83.746615925764	0	0
3126079.36712396	24.0283929325255	-83.9423734437356	0	0
3176874.07064977	23.8916674764685	-84.1367142615268	0	0
3228494.12171264	23.7548268733727	-84.3296815034435	0	0
3280952.93113119	23.6178741564708	-84.5213182597016	0	0
3334264.12763234	23.4808122577045	-84.7116675831996	0	0
3388441.56139203	23.3436440098688	-84.9007724868521	0	0
3443499.30763338	23.2063721487076	-85.0886759414602	0	0
3499451.67028358	23.0689993149571	-85.2754208741002	0	0
3556313.18568986	22.9315280563385	-85.461050167007	0	0
3614098.62639613	22.7939608294978	-85.6456066569336	0	0
3672823.00498085	22.6563000018935	-85.8291331349671	0	0
3732501.5779572	22.5185478536308	-86.0116723467814	0	0
3793149.84973681	22.3807065792434	-86.1932669933096	0	0
3854783.57665772	22.2427782894199	-86.3739597318169	0	0
3917418.77107783	22.1047650126785	-86.5537931773584	0	0
3981071.70553498	21.9666686969859	-86.7328099046044	0	0
4045758.91697443	21.8284912113235	-86.9110524500177	0	0
4111497.21104521	21.6902343471988	-87.0885633143668	0	0
4178303.66646622	21.5518998201027	-87.2653849655623	0	0
4246195.63946312	21.4134892709133	-87.4415598417987	0	0
4315190.76827764	21.275004267245	-87.6171303549915	0	0
4385306.97774986	21.1364463047443	-87.7921388944942	0	0
4456562.48397503	20.9978168083311	-87.9666278310828	0	0
4528975.7990362	20.859117133387	-88.1406395211959	0	0
4602565.73581356	20.7203485668899	-88.3142163114186	0	0
4677351.41287198	20.5815123284946	-88.4874005431977	0	0
4753352.25942805	20.4426095715609	-88.6602345577791	0	0
4830588.02039772	20.3036413841287	-88.8327607013551	0	0
4909078.76152603	20.164608789839	-89.0050213304121	0	0
4988844.87460012	20.0255127488039	-89.1770588172689	0	0
5069907.08274704	19.8863541584226	-89.3489155557961	0	0
5152286.44581757	19.7471338541455	-89.5206339673074	0	0
5236004.36585751	19.6078526101865	-89.6922565066132	0	0
5321082.59266794	19.4685111401821	-89.8638256682301	0	0
5407543.22945582	19.3291100977996	-90.0353839927349	0	0
5495408.73857625	19.1896500772927	-90.206974073258	0	0
5584701.94736831	19.0501316140056	-90.3786385621069	0	0
5675446.05408548	18.9105551848252	-90.5504201775121	0	0
5767664.63392252	18.7709212085823	-90.7223617104892	0	0
5861381.64514029	18.6312300464002	-90.8945060318095	0	0
5956621.43529012	18.4914820019927	-91.0668960990713	0	0
6053408.74753913	18.3516773219099	-91.2395749638668	0	0
6151768.72709868	18.211816195733	-91.4125857790368	0	0
6251726.92775686	18.0718987562169	-91.5859718060068	0	0
6353309.31851744	17.9319250793821	-91.7597764221985	0	0
6456542.29034657	17.7918951845534	-91.9340431285103	0	0
6561452.66302906	17.6518090343484	-92.1088155568603	0	0
6668067.69213623	17.5116665346129	-92.284137477786	0	0
6776415.07610675	17.3714675343042	-92.4600528080943	0	0
6886522.96344276	17.2312118253228	-92.6366056185562	0	0
6998419.96002273	17.0908991422911	-92.8138401416395	0	0
7112135.1365333	16.9505291622787	-92.9918007792739	0	0
7227698.0360217	16.8101015044757	-93.1705321106426	0	0
7345138.68157116	16.6696157298121	-93.3500788999935	0	0
7464487.58410067	16.5290713405231	-93.5304861044645	0	0
7585775.75029182	16.3884677796608	-93.7117988819171	0	0
7709034.6906443	16.2478044305516	-93.8940625987709	0	0
7834296.42766211	16.1070806161979	-94.0773228378325	0	0
7961593.50417318	15.9662955986254	-94.2616254061147	0	0
8090958.99178383	15.8254485781737	-94.4470163426355	0	0
8222426.49947071	15.6845386927311	-94.6335419261935	0	0
8356030.18231247	15.5435650169124	-94.8212486831106	0	0
8491804.75036315	15.4025265611793	-95.0101833949357	0	0
8629785.47766969	15.2614222709025	-95.2003931061021	0	0
8770008.21143635	15.1202510253652	-95.3919251315303	0	0
8912509.38133745	14.9790116367082	-95.584827064169	0	0
9057326.00898199	14.8377028488131	-95.7791467824658	0	0
9204495.71753172	14.696323336127	-95.9749324577594	0	0
9354056.74147552	14.5548717024243	-96.1722325615844	0	0
9506047.93656281	14.4133464795069	-96.3710958728799	0	0
9660508.78989814	14.2717461258417	-96.5715714850919	0	0
9817479.43019985	14.1300690251343	-96.773708813161	0	0
9977000.63822553	13.9883134848377	-96.9775576003834	0	0
10139113.8573668	13.8464777345965	-97.1831679251367	0	0
10303861.2044162	13.7045599246247	-97.3905902074579	0	0
10471285.480509	13.5625581240164	-97.5998752154627	0	0
10641430.1822432	13.4204703189886	-97.8110740715948	0	0
10814339.5129794	13.2782944110554	-98.024238258692	0	0
10990058.3943252	13.1360282151329	-98.2394196258558	0	0
11168632.4778056	12.9936694575734	-98.4566703941128	0	0
11350108.1567231	12.8512157741279	-98.6760431618519	0	0
11534532.5782109	12.708664707837	-98.8975909100234	0	0
11721953.6554813	12.5660137068484	-99.1213670070855	0	0
11912420.0802738	12.4232601221604	-99.3474252136808	0	0
12105981.3355048	12.2804012052909	-99.5758196870278	0	0
12302687.7081238	12.1374341058699	-99.8066049850086	0	0
12502590.3021772	11.9943558691568	-100.039836069937	0	0
12705741.0520854	11.8511634334792	-100.275568311983	0	0
12912192.7361353	11.7078536275942	-100.513857492248	0	0
13121998.990192	11.5644231679711	-100.754759805444	0	0
13335214.3216332	11.4208686559943	-100.998331862192	0	0
13551894.1235104	11.2771865750859	-101.244630690881	0	0
13772094.6889395	11.1333732877482	-101.493713739092	0	0
13995873.2257262	10.9894250325242	-101.74563887455	0	0
14223287.8712282	10.8453379208769	-102.000464385584	0	0
14454397.7074593	10.7011079339863	-102.258248981063	0	0
14689262.7764387	10.5567309194638	-102.519051789795	0	0
14927944.09579	10.4122025879839	-102.782932359348	0	0
15170503.6745934	10.2675185098335	-103.049950654269	0	0
15417004.5294956	10.1226741113774	-103.320167053678	0	0
15667510.7010815	9.97766467144241	-103.593642348193	0	0
15922087.2705117	9.83248531761758	-103.870437736171	0	0
16180800.3764307	9.68713102247276	-104.150614819219	0	0
16443717.2321493	9.54159659969577	-104.434235596946	0	0
16710906.1431071	9.39587670014787	-104.721362460929	0	0
16982436.5246175	9.24996580783944	-105.012058187839	0	0
17258378.919902	9.10385823582641	-105.306385931711	0	0
17538805.0184176	8.95754812202853	-105.604409215307	0	0
17823787.6744809	8.81102942497115	-105.906191920537	0	0
18113400.926196	8.66429591945221	-106.211798277898	0	0
18407720.0146896	8.51734119213595	-106.521292854888	0	0
18706821.403658	8.37015863707605	-106.834740543362	0	0
19010782.799233	8.22274145117009	-107.152206545766	0	0
19319683.1701693	8.07508262954837	-107.473756360239	0	0
19633602.7683605	7.92717496090015	-107.799455764498	0	0
19952623.1496888	7.77901102274024	-108.129370798492	0	0
20276827.1952128	7.63058317662029	-108.463567745767	0	0
20606299.1327	7.48188356328823	-108.802113113489	0	0
20941124.5585089	7.33290409780063	-109.145073611086	0	0
21281390.4598271	7.18363646459272	-109.492516127459	0	0
21627185.2372702	7.03407211251139	-109.844507706702	0	0
21978598.7278483	6.88420224981679	-110.201115522304	0	0
22335722.2283053	6.7340178391587	-110.562406849754	0	0
22698648.5188383	6.58350959253431	-110.928449037525	0	0
23067471.8872007	6.43266796623477	-111.29930947637	0	0
23442288.1531992	6.2814831557878	-111.675055566887	0	0
23823194.6935869	6.12994509090468	-112.055754685301	0	0
24210290.4673618	5.97804343044075	-112.44147414741	0	0
24603676.0414763	5.82576755737833	-112.832281170657	0	0
25003453.6169643	5.67310657384204	-113.228242834262	0	0
25409727.0554931	5.52004929615743	-113.629426037383	0	0
25822601.906346	5.3665842499639	-114.035897455252	0	0
26242185.4338444	5.21269966539355	-114.447723493235	0	0
26668586.6452148	5.058383472329	-114.86497023879	0	0
27101916.3189084	4.90362329575296	-115.287703411261	0	0
27542287.0333817	4.74840645120358	-115.715988309485	0	0
27989813.1963436	4.59271994035036	-116.149889757166	0	0
28444611.0744792	4.43655044670549	-116.589472045985	0	0
28906798.8236548	4.2798843314871	-117.034798876416	0	0
29376496.5196153	4.12270762965118	-117.485933296222	0	0
29853826.1891797	3.96500604610895	-117.942937636597	0	0
30338911.8419427	3.80676495214902	-118.40587344596	0	0
30831879.5024935	3.64796938208197	-118.874801421349	0	0
31332857.2431559	3.48860403012801	-119.349781337445	0	0
31841975.2172613	3.3286532475675	-119.830871973196	0	0
32359365.6929628	3.16810104017508	-120.318131036045	0	0
32885163.0875984	3.0069310659596	-120.811615083791	0	0
33419504.0026115	2.84512663323161	-121.31137944407	0	0
33962527.2590408	2.68267069902123	-121.817478131495	0	0
34514373.9335856	2.5195458678699	-122.329963762491	0	0
35075187.3952568	2.35573439102	-122.848887467841	0	0
35645113.3426245	2.19121816602597	-123.374298803014	0	0
36224299.8416699	2.02597873681245	-123.906245656313	0	0
36812897.3642531	1.85999729420357	-124.444774154927	0	0
37411058.8272054	1.69325467694959	-124.989928568943	0	0
38018939.6320561	1.52573137327537	-125.541751213414	0	0
38636697.7054068	1.35740752297674	-126.100282348588	0	0
39264493.53996	1.18826292009024	-126.665560078389	0	0
39902490.2362142	1.01827701616158	-127.237620247285	0	0
40550853.5448384	0.847428924137613	-127.816496335665	0	0
41209751.909733	0.675697422907732	-128.402219353872	0	0
41879356.5117918	0.503060962517752	-128.994817735056	0	0
42559841.3133744	0.32949767008139	-129.594317227003	0	0
43251383.1035009	0.154985356411959	-130.200740783127	0	0
43954161.5437825	-0.020498476603783	-130.814108452829	0	0
44668359.2150963	-0.196976627867355	-131.434437271416	0	0
45394161.6650204	-0.374472188146486	-132.061741149808	0	0
46131757.456038	-0.553008530349778	-132.696030764272	0	0
46881338.2145265	-0.73260929898113	-133.337313446419	0	0
47643098.6805415	-0.913298398757524	-133.985593073725	0	0
48417236.75841	-1.09509998237659	-134.640869960853	0	0
49203953.5681451	-1.27803843742121	-135.30314075205	0	0
50003453.4976978	-1.46213837239189	-135.97239831492	0	0
50815944.2560561	-1.64742460185827	-136.648631635867	0	0
51641636.9272071	-1.83392213072475	-137.331825717529	0	0
52480746.0249773	-2.02165613760771	-138.021961478526	0	0
53333489.5487622	-2.21065195732345	-138.719015655843	0	0
54200089.0401625	-2.40093506249017	-139.422960710198	0	0
55080769.6405404	-2.59253104424984	-140.133764734724	0	0
55975760.149511	-2.78546559211807	-140.851391367334	0	0
56885293.0843841	-2.97976447297487	-141.575799707088	0	0
57809604.7405719	-3.17545350921119	-142.306944234954	0	0
58748935.2529777	-3.37255855605011	-143.044774739283	0	0
59703528.6583837	-3.57110547806543	-143.789236246375	0	0
60673632.9588507	-3.77112012492274	-144.540268956472	0	0
61659500.1861483	-3.97262830637298	-145.297808185537	0	0
62661386.4672334	-4.17565576653136	-146.061784313146	0	0
63679552.0907916	-4.38022815747812	-146.832122736837	0	0
64714261.5748583	-4.58637101222118	-147.608743833244	0	0
65765783.7355421	-4.79410971706496	-148.39156292631	0	0
66834391.7568615	-5.00346948343173	-149.180490262904	0	0
67920363.2617185	-5.21447531918674	-149.97543099611	0	0
69023980.3840243	-5.42715199952052	-150.77628517647	0	0
70145529.8419972	-5.64152403744519	-151.582947751417	0	0
71285303.0126518	-5.85761565396539	-152.39530857316	0	0
72443596.007499	-6.07545074798589	-153.213252415197	0	0
73620709.7494736	-6.29505286602118	-154.036658997669	0	0
74816950.0511155	-6.51644517177593	-154.86540302172	0	0
76032627.6940182	-6.73965041566479	-155.699354212983	0	0
77268058.5095702	-6.96469090434482	-156.538377374335	0	0
78523563.4610073	-7.19158847033326	-157.382332447982	0	0
79799468.7267976	-7.42036444178602	-158.23107458694	0	0
81096105.7853839	-7.65103961251358	-159.084454235954	0	0
82413811.5013002	-7.88363421231012	-159.942317221825	0	0
83752928.2126882	-8.1181678776747	-160.804504853146	0	0
85113803.8202375	-8.35465962300169	-161.670854029355	0	0
86496791.8775693	-8.59312781231827	-162.541197359037	0	0
87902251.6830884	-8.83359013164616	-163.415363287326	0	0
89330548.3733297	-9.07606356206509	-164.293176232277	0	0
90782053.0178184	-9.32056435355225	-165.174456729992	0	0
92257142.7154763	-9.56710799967383	-166.059021588318	0	0
93756200.6925882	-9.81570921319953	-166.946684048832	0	0
95279616.4023651	-10.0663819027125	-167.837253956873	0	0
96827785.6261247	-10.3191391502826	-168.730537939286	0	0
98401110.5761134	-10.5739931902693	-169.626339589568	0	0
99999999.9999999	-10.8309553893168	-170.52445966004	0	0
 
