*Frequency 	VF2-abs (dB)	VF2-phase (deg)	VF1-abs (dB)	VF1-phase (deg)
10	40.0846400137058	-0.0966762612853285	0	0
10.162486928707	40.0846396101658	-0.098247121125654	0	0
10.327614057614	40.0846391934054	-0.0998435052345986	0	0
10.4954242865232	40.0846387629912	-0.101465828340709	0	0
10.6659612123026	40.0846383184762	-0.10311451191096	0	0
10.839269140212	40.0846378593983	-0.104789984260226	0	0
11.0153930954142	40.0846373852804	-0.106492680662531	0	0
11.1943788346715	40.0846368956297	-0.108223043464106	0	0
11.3762728582343	40.0846363899375	-0.109981522198282	0	0
11.561122421921	40.0846358676782	-0.11176857370225	0	0
11.7489755493953	40.084635328309	-0.113584662235712	0	0
11.9398810446427	40.0846347712693	-0.115430259601468	0	0
12.1338885046498	40.0846341959803	-0.117305845267951	0	0
12.3310483322891	40.0846336018442	-0.119211906493759	0	0
12.5314117494142	40.0846329882433	-0.121148938454208	0	0
12.7350308101666	40.0846323545402	-0.123117444369934	0	0
12.9419584144999	40.0846317000761	-0.125117935637594	0	0
13.1522483219224	40.084631024171	-0.127150931962677	0	0
13.3659551654644	40.0846303261224	-0.129216961494483	0	0
13.5831344658715	40.0846296052048	-0.131316560963282	0	0
13.8038426460288	40.0846288606691	-0.13345027581971	0	0
14.0281370456196	40.0846280917415	-0.135618660376423	0	0
14.2560759360219	40.0846272976229	-0.137822277952052	0	0
14.4877185354476	40.084626477488	-0.140061701017491	0	0
14.7231250243272	40.0846256304845	-0.142337511344571	0	0
14.9623565609443	40.0846247557322	-0.14465030015713	0	0
15.205475297325	40.0846238523219	-0.147000668284554	0	0
15.4525443953841	40.0846229193148	-0.149389226317797	0	0
15.7036280433355	40.0846219557413	-0.15181659476794	0	0
15.9587914723673	40.0846209606	-0.15428340422732	0	0
16.2181009735893	40.0846199328567	-0.156790295533277	0	0
16.4816239152551	40.0846188714434	-0.159337919934558	0	0
16.7494287602644	40.0846177752569	-0.161926939260421	0	0
17.0215850839495	40.0846166431581	-0.164558026092482	0	0
17.298163592151	40.0846154739705	-0.167231863939354	0	0
17.5792361395869	40.084614266479	-0.16994914741412	0	0
17.8648757485205	40.0846130194287	-0.172710582414679	0	0
18.1551566277314	40.0846117315236	-0.175516886307031	0	0
18.4501541917947	40.0846104014254	-0.17836878811152	0	0
18.7499450806742	40.0846090277518	-0.181267028692114	0	0
19.0546071796325	40.0846076090751	-0.184212360948746	0	0
19.3642196394661	40.084606143921	-0.187205550012779	0	0
19.6788628970684	40.084604630767	-0.19024737344564	0	0
19.9986186963274	40.0846030680404	-0.193338621440681	0	0
20.3235701093622	40.0846014541174	-0.196480097028304	0	0
20.6538015581053	40.0845997873205	-0.199672616284428	0	0
20.9893988362352	40.0845980659178	-0.202917008542323	0	0
21.3304491314658	40.0845962881201	-0.206214116607886	0	0
21.6770410481969	40.0845944520801	-0.209564796978409	0	0
22.0292646305346	40.0845925558897	-0.212969920064891	0	0
22.3872113856834	40.0845905975782	-0.21643037041796	0	0
22.7509743077207	40.0845885751107	-0.219947046957446	0	0
23.1206479017559	40.0845864863852	-0.223520863205696	0	0
23.4963282084831	40.0845843292313	-0.227152747524648	0	0
23.8781128291318	40.0845821014071	-0.230843643356766	0	0
24.2661009508242	40.0845798005974	-0.234594509469875	0	0
24.6603933723434	40.0845774244112	-0.238406320205955	0	0
25.0610925303211	40.0845749703792	-0.242280065733982	0	0
25.4683025258504	40.0845724359511	-0.246216752306856	0	0
25.8821291515309	40.0845698184931	-0.250217402522494	0	0
26.3026799189538	40.0845671152852	-0.254283055589154	0	0
26.7300640866331	40.0845643235182	-0.258414767595058	0	0
27.1643926883908	40.0845614402908	-0.262613611782381	0	0
27.6057785622035	40.0845584626069	-0.266880678825677	0	0
28.0543363795171	40.084555387372	-0.271217077114816	0	0
28.5101826750391	40.0845522113903	-0.275623933042504	0	0
28.9734358770132	40.0845489313615	-0.280102391296452	0	0
29.4442163379876	40.0845455438769	-0.284653615156282	0	0
29.9226463660819	40.0845420454163	-0.289278786795234	0	0
30.4088502567628	40.0845384323443	-0.293979107586765	0	0
30.9029543251359	40.084534700906	-0.298755798416094	0	0
31.4050869387622	40.0845308472239	-0.303610099996805	0	0
31.9153785510076	40.0845268672934	-0.308543273192563	0	0
32.4339617349349	40.0845227569786	-0.313556599344034	0	0
32.9609712177458	40.0845185120082	-0.318651380601101	0	0
33.4965439157828	40.084514127971	-0.323828940260438	0	0
34.0408189701001	40.0845096003112	-0.329090623108561	0	0
34.5939377826122	40.0845049243238	-0.334437795770408	0	0
35.1560440528298	40.0845000951498	-0.339871847063561	0	0
35.7272838151929	40.0844951077709	-0.345394188358199	0	0
36.3078054770101	40.0844899570045	-0.351006253942852	0	0
36.897759857015	40.0844846374981	-0.356709501396081	0	0
37.4973002245484	40.0844791437241	-0.362505411964145	0	0
38.1065823393773	40.0844734699736	-0.368395490944782	0	0
38.7257644921617	40.0844676103508	-0.374381268077179	0	0
39.3550075455777	40.0844615587669	-0.380464297938233	0	0
39.9944749761097	40.0844553089334	-0.386646160345221	0	0
40.6443329165213	40.084448854356	-0.392928460764952	0	0
41.3047501990161	40.0844421883277	-0.399312830729527	0	0
41.9758983991007	40.0844353039216	-0.405800928258808	0	0
42.6579518801593	40.0844281939842	-0.412394438289691	0	0
43.3510878387529	40.0844208511274	-0.419095073112304	0	0
44.0554863506553	40.0844132677214	-0.425904572813232	0	0
44.7713304176363	40.0844054358863	-0.432824705725887	0	0
45.4988060150049	40.084397347484	-0.439857268888126	0	0
46.238102139926	40.0843889941101	-0.447004088507245	0	0
46.9894108605215	40.0843803670848	-0.45426702043245	0	0
47.7529273657691	40.084371457444	-0.461647950634941	0	0
48.5288500162121	40.0843622559301	-0.469148795695707	0	0
49.3173803954936	40.084352752982	-0.476771503301178	0	0
50.1187233627272	40.0843429387259	-0.484518052746841	0	0
50.9330871057195	40.0843328029642	-0.492390455448943	0	0
51.7606831950568	40.0843223351656	-0.500390755464427	0	0
52.6017266390706	40.0843115244536	-0.508521030019203	0	0
53.4564359396972	40.0843003595958	-0.516783390044916	0	0
54.3250331492433	40.0842888289916	-0.525179980724311	0	0
55.2077439280757	40.0842769206608	-0.533712982045357	0	0
56.1047976032471	40.0842646222306	-0.54238460936425	0	0
57.0164272280747	40.0842519209231	-0.551197113977438	0	0
57.9428696426881	40.0842388035419	-0.560152783702813	0	0
58.8843655355589	40.0842252564584	-0.569253943470202	0	0
59.841159506032	40.0842112655978	-0.578502955921317	0	0
60.8135001278718	40.0841968164243	-0.58790222201929	0	0
61.8016400138416	40.0841818939259	-0.597454181667959	0	0
62.8058358813318	40.0841664825994	-0.60716131434105	0	0
63.8263486190549	40.0841505664336	-0.617026139721399	0	0
64.8634433548238	40.084134128893	-0.627051218350388	0	0
65.9173895244321	40.0841171529007	-0.637239152287726	0	0
66.9884609416526	40.0840996208208	-0.647592585781753	0	0
68.0769358693742	40.0840815144396	-0.658114205950428	0	0
69.1830970918936	40.0840628149471	-0.668806743473145	0	0
70.3072319883833	40.0840435029174	-0.679672973293569	0	0
71.4496326075513	40.0840235582887	-0.690715715333634	0	0
72.6105957435155	40.084002960342	-0.701937835218888	0	0
73.7904230129101	40.0839816876802	-0.713342245015353	0	0
74.9894209332456	40.0839597182054	-0.724931903978074	0	0
76.2079010025412	40.0839370290964	-0.736709819311522	0	0
77.4461797802519	40.0839135967848	-0.748679046942054	0	0
78.7045789695099	40.0838893969304	-0.760842692302578	0	0
79.9834255007028	40.0838644043962	-0.773203911129635	0	0
81.2830516164099	40.0838385932225	-0.785765910273063	0	0
82.6037949577179	40.0838119365995	-0.798531948518431	0	0
83.9459986519398	40.0837844068398	-0.811505337422452	0	0
85.310011401759	40.0837559753496	-0.824689442161532	0	0
86.6961875758217	40.0837266125992	-0.838087682393676	0	0
88.1048873008014	40.0836962880922	-0.85170353313394	0	0
89.5364765549594	40.083664970334	-0.865540525643614	0	0
90.9913272632252	40.0836326267991	-0.879602248333344	0	0
92.4698173938222	40.0835992238973	-0.893892347680408	0	0
93.9723310564638	40.0835647269392	-0.908414529160316	0	0
95.4992586021436	40.0835291000999	-0.923172558192972	0	0
97.050996724549	40.083492306382	-0.938170261103587	0	0
98.627948563121	40.0834543075773	-0.953411526098563	0	0
100.23052380779	40.0834150642274	-0.968900304256545	0	0
101.859138805412	40.0833745355824	-0.984640610534865	0	0
103.514216667934	40.0833326795591	-1.0006365247916	0	0
105.196187382322	40.083289452697	-1.01689219282344	0	0
106.905487922266	40.0832448101137	-1.0334118274196	0	0
108.642562361707	40.0831987054583	-1.05019970943198	0	0
110.407861990207	40.0831510908634	-1.06726018886182	0	0
112.201845430196	40.0831019168953	-1.08459768596308	0	0
114.024978756117	40.0830511325034	-1.10221669236267	0	0
115.877735615513	40.0829986849668	-1.12012177219792	0	0
117.760597352081	40.0829445198399	-1.13831756327141	0	0
119.674053130724	40.0828885808964	-1.15680877822334	0	0
121.618600064637	40.0828308100708	-1.17560020572184	0	0
123.594743344451	40.0827711473984	-1.19469671167128	0	0
125.602996369487	40.0827095309533	-1.2141032404389	0	0
127.643880881134	40.0826458967845	-1.23382481609996	0	0
129.717927098396	40.0825801788495	-1.25386654370167	0	0
131.825673855641	40.0825123089464	-1.27423361054609	0	0
133.967668742594	40.0824422166432	-1.29493128749228	0	0
136.144468246595	40.082369829205	-1.31596493027791	0	0
138.356637897178	40.082295071519	-1.33733998086049	0	0
140.604752412991	40.0822178660169	-1.35906196877868	0	0
142.88939585111	40.0821381325947	-1.38113651253358	0	0
145.211161758774	40.08205578853	-1.40356932099051	0	0
147.570653327589	40.0819707483967	-1.4263661948014	0	0
149.968483550237	40.0818829239771	-1.44953302784797	0	0
152.405275379729	40.0817922241701	-1.47307580870605	0	0
154.881661891248	40.0816985548983	-1.49700062213116	0	0
157.398286446622	40.08160181901	-1.52131365056559	0	0
159.955802861467	40.0815019161797	-1.54602117566727	0	0
162.554875575048	40.0813987428044	-1.57112957986058	0	0
165.196179822901	40.0812921918971	-1.59664534790928	0	0
167.880401812256	40.0811821529762	-1.62257506851196	0	0
170.608238900312	40.0810685119521	-1.64892543591991	0	0
173.380399775414	40.0809511510095	-1.67570325157794	0	0
176.197604641163	40.0808299484863	-1.70291542578808	0	0
179.060585403529	40.0807047787486	-1.73056897939658	0	0
181.970085860998	40.0805755120609	-1.75867104550416	0	0
184.926861897808	40.0804420144534	-1.78722887119996	0	0
187.931681680327	40.0803041475839	-1.81624981931907	0	0
190.985325856624	40.0801617685957	-1.84574137022414	0	0
194.088587759278	40.0800147299712	-1.87571112361086	0	0
197.242273611485	40.0798628793801	-1.90616680033783	0	0
200.447202736516	40.079706059523	-1.93711624428066	0	0
203.704207770572	40.0795441079707	-1.96856742421064	0	0
207.014134879104	40.0793768569968	-2.00052843569794	0	0
210.377843976647	40.0792041334066	-2.03300750303965	0	0
213.796208950223	40.0790257583592	-2.06601298121248	0	0
217.270117886374	40.0788415471842	-2.09955335785054	0	0
220.80047330189	40.0786513091935	-2.13363725524792	0	0
224.388192378277	40.0784548474855	-2.16827343238648	0	0
228.034207200042	40.0782519587442	-2.20347078698851	0	0
231.739464996848	40.078042433031	-2.23923835759469	0	0
235.504928389601	40.0778260535712	-2.27558532566699	0	0
239.331575640539	40.0776025965317	-2.31252101771671	0	0
243.220400907382	40.0773718307934	-2.35005490745762	0	0
247.172414501613	40.0771335177154	-2.38819661798397	0	0
251.188643150958	40.0768874108919	-2.42695592397354	0	0
255.270130266125	40.0766332559011	-2.46634275391539	0	0
259.417936211881	40.076370790047	-2.50636719236233	0	0
263.633138582538	40.0760997420914	-2.54703948220792	0	0
267.916832481903	40.0758198319794	-2.58837002698776	0	0
272.270130807791	40.0755307705541	-2.63036939320489	0	0
276.694164541151	40.075232259264	-2.67304831267903	0	0
281.190083039894	40.0749239898602	-2.71641768491944	0	0
285.759054337495	40.0746056440841	-2.76048857952094	0	0
290.402265446445	40.0742768933454	-2.80527223858285	0	0
295.120922666638	40.07393739839	-2.85078007915038	0	0
299.916251898765	40.0735868089576	-2.89702369567806	0	0
304.789498962798	40.0732247634276	-2.94401486251468	0	0
309.741929921658	40.0728508884551	-2.99176553640918	0	0
314.774831410132	40.0724647985948	-3.040287859037	0	0
319.88951096914	40.0720660959131	-3.08959415954611	0	0
325.087297385434	40.0716543695883	-3.13969695712209	0	0
330.369541036815	40.0712291954983	-3.19060896357149	0	0
335.737614242955	40.0707901357951	-3.24234308592259	0	0
341.192911621929	40.0703367384665	-3.29491242904279	0	0
346.736850452532	40.0698685368839	-3.3483302982715	0	0
352.370871042487	40.0693850493363	-3.40261020206763	0	0
358.096437102636	40.0688857785493	-3.45776585467047	0	0
363.915036127207	40.0683702111902	-3.51381117877286	0	0
369.828179780266	40.0678378173569	-3.5707603082053	0	0
375.837404288444	40.0672880500517	-3.62862759062958	0	0
381.944270840047	40.0667203446383	-3.68742759024068	0	0
388.150365990648	40.0661341182832	-3.74717509047511	0	0
394.457302075279	40.0655287693785	-3.80788509672418	0	0
400.866717627303	40.0649036769489	-3.86957283905045	0	0
407.380277804113	40.0642582000389	-3.93225377490532	0	0
413.999674819731	40.063591677083	-3.99594359184599	0	0
420.726628384444	40.0629034252551	-4.06065821024935	0	0
427.562886151586	40.0621927398004	-4.12641378602087	0	0
434.510224171572	40.0614588933448	-4.19322671329583	0	0
441.570447353312	40.0607011351858	-4.2611136271305	0	0
448.745389933132	40.0599186905605	-4.33009140618051	0	0
456.036915951296	40.0591107598931	-4.40017717536354	0	0
463.446919736288	40.0582765180186	-4.47138830850342	0	0
470.977326396953	40.0574151133849	-4.54374243095239	0	0
478.630092322638	40.0565256672307	-4.61725742218804	0	0
486.407205691462	40.0556072727391	-4.69195141838163	0	0
494.310686986835	40.0546589941667	-4.76784281493388	0	0
502.342589522387	40.0536798659473	-4.84495026897419	0	0
510.504999975406	40.0526688917694	-4.9232927018194	0	0
518.800038928961	40.0516250436271	-5.00288930138739	0	0
527.229861422823	40.0505472608439	-5.08375952456119	0	0
535.796657513342	40.0494344490679	-5.16592309949851	0	0
544.502652842421	40.0482854792392	-5.2494000278817	0	0
553.350109215737	40.0470991865278	-5.33421058710268	0	0
562.341325190349	40.0458743692406	-5.42037533237738	0	0
571.478636671867	40.0446097876992	-5.50791509878348	0	0
580.764417521312	40.0433041630854	-5.59685100321544	0	0
590.201080171844	40.0419561762554	-5.68720444625021	0	0
599.79107625551	40.0405644665202	-5.77899711391677	0	0
609.53689724017	40.0391276303942	-5.8722509793623	0	0
619.441075076782	40.0376442203085	-5.9669883044075	0	0
629.506182857197	40.0361127432902	-6.06323164098316	0	0
639.734835482648	40.034531659606	-6.16100383243968	0	0
650.12969034309	40.0328993813702	-6.26032801472092	0	0
660.693448007596	40.0312142711151	-6.36122761739352	0	0
671.428852925953	40.0294746403255	-6.46372636452185	0	0
682.33869414167	40.0276787479337	-6.56784827537929	0	0
693.425806016569	40.0258247987774	-6.67361766498491	0	0
704.693068967147	40.0239109420173	-6.78105914445534	0	0
716.143410212902	40.0219352695152	-6.8901976211603	0	0
727.779804536825	40.0198958141727	-7.00105829867017	0	0
739.605275058238	40.0177905482278	-7.11366667648339	0	0
751.622894018206	40.0156173815109	-7.2280485495211	0	0
763.835783577691	40.0133741596591	-7.34423000737554	0	0
776.247116628692	40.0110586622877	-7.46223743329878	0	0
788.860117618554	40.0086686011201	-7.58209750291719	0	0
801.67806338768	40.0062016180733	-7.70383718265687	0	0
814.70428402084	40.0036552833018	-7.82748372786466	0	0
827.942163712335	40.0010270931968	-7.95306468060858	0	0
841.395141645196	39.9983144683423	-8.08060786714105	0	0
855.066712884683	39.9955147514274	-8.21014139500777	0	0
868.960429286302	39.9926252051144	-8.34169364978421	0	0
883.079900418563	39.9896430098639	-8.47529329142127	0	0
897.428794500749	39.9865652617152	-8.61096925018104	0	0
912.01083935591	39.9833889700244	-8.74875072214255	0	0
926.82982337935	39.980111055158	-8.88866716425761	0	0
941.889596522841	39.9767283461451	-9.03074828893486	0	0
957.194071294845	39.9732375782862	-9.17502405813105	0	0
972.747223776965	39.9696353907211	-9.32152467692638	0	0
988.553094656939	39.9659183239557	-9.47028058656142	0	0
1004.6157902784	39.9620828173486	-9.62132245691125	0	0
1020.93948370768	39.9581252065593	-9.77468117837294	0	0
1037.52841581801	39.9540417209582	-9.93038785314092	0	0
1054.38689639126	39.949828481	-10.0884737858447	0	0
1071.51930523761	39.9454814955634	-10.2489704735224	0	0
1088.93009333343	39.9409966592562	-10.411909594904	0	0
1106.62378397767	39.9363697496906	-10.5773229989751	0	0
1124.60497396693	39.9315964247279	-10.7452426927954	0	0
1142.87833478977	39.9266722196981	-10.915700828541	0	0
1161.44861384034	39.9215925445941	-11.0887296897439	0	0
1180.32063565173	39.9163526812455	-11.2643616766962	0	0
1199.49930314938	39.9109477804731	-11.4426292909929	0	0
1218.98959892487	39.9053728592299	-11.623565119179	0	0
1238.79658653037	39.8996227977296	-11.8072018154738	0	0
1258.92541179417	39.8936923365685	-11.9935720835395	0	0
1279.38130415753	39.8875760738442	-12.1827086572642	0	0
1300.16957803329	39.8812684622758	-12.3746442805278	0	0
1321.29563418658	39.8747638063305	-12.5694116859211	0	0
1342.76496113786	39.8680562593619	-12.7670435723849	0	0
1364.58313658893	39.8611398207657	-12.9675725817414	0	0
1386.75582887189	39.8540083331589	-13.1710312740857	0	0
1409.28879842187	39.8466554795883	-13.3774521020078	0	0
1432.18789927354	39.8390747807756	-13.5868673836179	0	0
1455.45908058197	39.8312595924073	-13.7993092743428	0	0
1479.10838816821	39.8232031024744	-14.0148097374706	0	0
1503.14196609002	39.814898328673	-14.2334005134133	0	0
1527.56605823807	39.8063381158721	-14.4551130876646	0	0
1552.38700995808	39.7975151336594	-14.6799786574277	0	0
1577.61126969935	39.7884218739727	-14.9080280968924	0	0
1603.24539069004	39.7790506488287	-15.1392919211402	0	0
1629.29603263972	39.7693935881583	-15.3738002486602	0	0
1655.76996346953	39.7594426377597	-15.6115827624589	0	0
1682.67406107047	39.7491895573817	-15.8526686697526	0	0
1710.01531509029	39.738625918947	-16.0970866602298	0	0
1737.80082874938	39.7277431049301	-16.344864862879	0	0
1766.03782068616	39.7165323069013	-16.5960308013751	0	0
1794.73362683253	39.7049845242505	-16.8506113480283	0	0
1823.89570231964	39.6930905631045	-17.1086326762954	0	0
1853.53162341481	39.6808410354527	-17.370120211865	0	0
1883.6490894898	39.6682263584948	-17.6350985823282	0	0
1914.25592502109	39.6552367542263	-17.9035915654533	0	0
1945.36008162266	39.6418622492773	-18.1756220360871	0	0
1976.96964011186	39.6280926750197	-18.4512119117138	0	0
2009.09281260873	39.6139176679604	-18.7303820967048	0	0
2041.73794466953	39.5993266704347	-19.0131524253016	0	0
2074.91351745491	39.584308931619	-19.2995416033804	0	0
2108.62814993329	39.5688535088779	-19.5895671490538	0	0
2142.89060112006	39.5529492694635	-19.8832453321721	0	0
2177.70977235316	39.5365848925832	-20.1805911127947	0	0
2213.09470960564	39.5197488718544	-20.4816180787107	0	0
2249.05460583578	39.5024295181618	-20.7863383820959	0	0
2285.59880337543	39.4846149629341	-21.0947626754011	0	0
2322.73679635711	39.4662931618584	-21.4069000465764	0	0
2360.47823318058	39.4474518990464	-21.7227579537468	0	0
2398.83291901949	39.4280787916696	-22.0423421594591	0	0
2437.81081836875	39.4081612950787	-22.3656566646363	0	0
2477.42205763329	39.3876867084218	-22.6927036423786	0	0
2517.67692775886	39.3666421807751	-23.0234833717646	0	0
2558.58588690564	39.3450147177999	-23.3579941718134	0	0
2600.15956316527	39.3227911889376	-23.6962323357798	0	0
2642.40875732195	39.2999583351538	-24.0381920659623	0	0
2685.34444565851	39.2765027772416	-24.3838654092147	0	0
2728.97778280804	39.2524110246917	-24.7332421933614	0	0
2773.32010465184	39.2276694851383	-25.0863099647233	0	0
2818.38293126446	39.2022644743827	-25.4430539269725	0	0
2864.17796990658	39.1761822270018	-25.8034568815401	0	0
2910.7171180666	39.1494089075405	-26.1674991698098	0	0
2958.01246655155	39.1219306222881	-26.5351586173366	0	0
3006.07630262823	39.0937334316373	-26.9064104803353	0	0
3054.92111321551	39.0648033630185	-27.2812273946916	0	0
3104.55958812835	39.035126424404	-27.6595793277481	0	0
3155.00462337463	39.004688618371	-28.0414335331264	0	0
3206.26932450547	38.9734759567111	-28.4267545088446	0	0
3258.36701002009	38.9414744755701	-28.8155039589926	0	0
3311.31121482591	38.9086702511012	-29.2076407592268	0	0
3365.11569375491	38.8750494156089	-29.6031209263448	0	0
3419.79442513709	38.8405981741595	-30.0018975921964	0	0
3475.36161443206	38.8053028216324	-30.4039209821845	0	0
3531.83169791957	38.7691497601791	-30.8091383986011	0	0
3589.21934645006	38.7321255170597	-31.2174942090384	0	0
3647.53946925608	38.6942167628175	-31.6289298401031	0	0
3706.80721782576	38.6554103297541	-32.0433837766526	0	0
3767.03798983909	38.6156932306613	-32.4607915667572	0	0
3828.24743316823	38.5750526777663	-32.88108583258	0	0
3890.4514499428	38.5334761018391	-33.3041962873463	0	0
3953.66620068128	38.490951171415	-33.7300497585605	0	0
4017.9081084894	38.4474658120765	-34.1585702176038	0	0
4083.19386332692	38.4030082257393	-34.5896788158293	0	0
4149.54042634362	38.3575669098871	-35.0232939272428	0	0
4216.96503428582	38.3111306766934	-35.4593311978396	0	0
4285.4852039744	38.2636886719705	-35.8977036016338	0	0
4355.11873685569	38.2152303938838	-36.338321503397	0	0
4425.88372362626	38.1657457113682	-36.7810927280904	0	0
4497.79854893288	38.1152248821824	-37.2259226369468	0	0
4570.88189614875	38.0636585705375	-37.6727142101285	0	0
4645.1527522275	38.0110378642361	-38.1213681358576	0	0
4720.6304126359	37.9573542912578	-38.5717829058847	0	0
4797.33448636689	37.9025998357285	-39.0238549171292	0	0
4875.28490103386	37.8467669532134	-39.4774785792952	0	0
4954.5019080479	37.7898485852705	-39.9325464282376	0	0
5035.00608787905	37.7318381732104	-40.3889492448202	0	0
5116.81835540308	37.6727296710044	-40.8465761789817	0	0
5199.95996533517	37.6125175572886	-41.305314878695	0	0
5284.45251775181	37.551196846414	-41.765051623481	0	0
5370.31796370253	37.4887630984976	-42.2256714621107	0	0
5457.57861091271	37.4252124284296	-42.6870583541068	0	0
5546.25712957911	37.3605415138004	-43.1490953146358	0	0
5636.37655825955	37.2947476017115	-43.6116645623596	0	0
5727.96030985829	37.227828514443	-44.0746476698019	0	0
5821.03217770872	37.1597826539498	-44.5379257157667	0	0
5915.61634175475	37.09060900517	-45.0013794393366	0	0
6011.73737483277	37.0203071381293	-45.464889394969	0	0
6109.42024905572	36.9488772088318	-45.9283361082022	0	0
6208.69034230064	36.8763199589347	-46.3916002314756	0	0
6309.57344480194	36.8026367142069	-46.8545626995769	0	0
6412.09576585161	36.7278293817794	-47.3171048842201	0	0
6516.28394060842	36.6519004461983	-47.779108747273	0	0
6622.16503701762	36.5748529643	-48.2404569921528	0	0
6729.76656284317	36.4966905589275	-48.7010332129264	0	0
6839.11647281429	36.4174174115187	-49.1607220406597	0	0
6950.24317588796	36.3370382535967	-49.6194092865782	0	0
7063.17554262962	36.2555583571982	-50.0769820816207	0	0
7177.94291271362	36.1729835242829	-50.5333290119866	0	0
7294.57510254569	36.0893200751658	-50.9883402502995	0	0
7413.10241300918	36.0045748360232	-51.4419076820374	0	0
7533.55563733718	35.9187551255213	-51.8939250269004	0	0
7655.96606911257	35.8318687406242	-52.3442879548204	0	0
7780.36551039804	35.743923941637	-52.7928941963401	0	0
7906.78627999826	35.6549294365425	-53.2396436471227	0	0
8035.26122185618	35.5648943646938	-53.6844384663803	0	0
8165.82371358593	35.4738282799238	-54.1271831690423	0	0
8298.50767514422	35.3817411331358	-54.5677847115139	0	0
8433.34757764276	35.2886432544374	-55.0061525709077	0	0
8570.3784523037	35.1945453348844	-55.4421988176587	0	0
8709.6358995608	35.0994584078952	-55.8758381814678	0	0
8851.15609830835	35.0033938304028	-56.3069881105436	0	0
8994.97581530035	34.9063632638031	-56.7355688241442	0	0
9141.1324147025	34.8083786547652	-57.1615033584467	0	0
9289.66386779935	34.7094522159598	-57.5847176057998	0	0
9440.60876285923	34.6095964067666	-58.005140347439	0	0
9594.00631515933	34.5088239140166	-58.422703279767	0	0
9749.89637717386	34.4071476328223	-58.837341034328	0	0
9908.31944892768	34.3045806475494	-59.2489911916192	0	0
10069.316688518	34.2011362129785	-59.6575942889076	0	0
10232.9299228075	34.0968277357025	-60.0630938222333	0	0
10399.2016582906	33.9916687558056	-60.4654362427993	0	0
10568.1750921366	33.8856729288628	-60.8645709479575	0	0
10739.8941234125	33.7788540082989	-61.2604502670187	0	0
10914.4033644876	33.671225828141	-61.6530294421171	0	0
11091.748152624	33.5628022861978	-62.0422666043753	0	0
11271.9745617551	33.4535973276927	-62.4281227456185	0	0
11455.1294144554	33.3436249293773	-62.8105616858938	0	0
11641.2602941049	33.2328990841478	-63.1895500370519	0	0
11830.4155572517	33.1214337861846	-63.5650571626551	0	0
12022.6443461741	33.00924301663	-63.9370551344714	0	0
12217.9966016487	32.896340729821	-64.3055186858171	0	0
12416.5230759241	32.7827408400853	-64.6704251620079	0	0
12618.2753459067	32.6684572091115	-65.031754468175	0	0
12823.3058265602	32.5535036338982	-65.3894890146995	0	0
13031.667784523	32.4378938352869	-65.7436136605127	0	0
13243.4153519466	32.3216414470791	-66.0941156545057	0	0
13458.6035405595	32.2047600057375	-66.4409845752828	0	0
13677.2882559585	32.087262940669	-66.7842122694881	0	0
13899.5263121335	31.9691635650843	-67.1237927889256	0	0
14125.3754462275	31.8504750674285	-67.4597223266854	0	0
14354.8943335366	31.7312105033743	-67.7919991524805	0	0
14588.1426027535	31.61138278837	-68.1206235473869	0	0
14825.1808514595	31.4910046907294	-68.4455977381743	0	0
15066.0706618674	31.3700888252549	-68.7669258314022	0	0
15310.8746168203	31.248647647378	-69.0846137474477	0	0
15559.6563160508	31.1266934478066	-69.3986691546213	0	0
15812.4803927038	31.0042383476617	-69.7091014035179	0	0
16069.4125301288	30.8812942940914	-70.0159214617396	0	0
16330.5194789433	30.7578730563438	-70.3191418491183	0	0
16595.8690743756	30.633986222285	-70.6187765735551	0	0
16865.5302538874	30.5096451953434	-70.9148410675877	0	0
17139.5730750843	30.3848611918663	-71.2073521257826	0	0
17418.0687339161	30.2596452388688	-71.496327843046	0	0
17701.0895831742	30.1340081721607	-71.7817875539346	0	0
17988.7091512879	30.007960634833	-72.06375177304	0	0
18281.0021614274	29.8815130760861	-72.3422421365156	0	0
18578.044550917	29.7546757503851	-72.6172813448019	0	0
18879.9134909629	29.6274587169237	-72.8888931066047	0	0
19186.6874067029	29.4998718393801	-73.1571020841683	0	0
19498.4459975804	29.37192478595	-73.4219338398845	0	0
19815.270258051	29.2436270296391	-73.6834147842672	0	0
20137.2424986239	29.1149878488008	-73.94157212532	0	0
20464.4463672467	28.9860163279026	-74.1964338193167	0	0
20796.966871037	28.8567213585079	-74.4480285230113	0	0
21134.8903983665	28.7271116404565	-74.696385547286	0	0
21478.3047413053	28.5971956832324	-74.9415348122461	0	0
21827.29911843	28.4669818075031	-75.1835068037607	0	0
22181.9641980022	28.3364781468187	-75.4223325314503	0	0
22542.3921215243	28.2056926494574	-75.6580434881129	0	0
22908.6765276777	28.0746330804062	-75.8906716105824	0	0
23280.9125766501	27.9433070234634	-76.1202492420054	0	0
23659.1969748576	27.8117218834543	-76.346809095524	0	0
24043.6280000694	27.6798848885466	-76.5703842193458	0	0
24434.3055269397	27.5478030926578	-76.7910079631827	0	0
24831.3310529557	27.415483377943	-77.0087139460389	0	0
25234.8077248058	27.2829324573553	-77.2235360253219	0	0
25644.8403651772	27.1501568772687	-77.4355082672557	0	0
26061.535499989	27.0171630201566	-77.6446649185682	0	0
26485.001386067	26.8839571073165	-77.8510403794265	0	0
26915.3480392692	26.7505452016352	-78.0546691775926	0	0
27352.6872630671	26.616933210385	-78.2555859437705	0	0
27797.1326775929	26.483126888048	-78.4538253881151	0	0
28248.799749157	26.3491318391578	-78.6494222778736	0	0
28707.8058202469	26.214953521157	-78.8424114161283	0	0
29174.2701400116	26.0805972472618	-79.0328276216115	0	0
29648.3138952434	25.9460681893309	-79.22070570956	0	0
30130.0602418612	25.8113713807327	-79.4060804735799	0	0
30619.6343369068	25.6765117192062	-79.5889866684902	0	0
31117.1633710602	25.541493969713	-79.7694589941147	0	0
31622.7766016838	25.4063227672749	-79.947532079992	0	0
32136.6053864032	25.2710026197946	-80.1232404709719	0	0
32658.7832172336	25.1355379108557	-80.2966186136712	0	0
33189.445755261	24.9999329025002	-80.4677008437559	0	0
33728.7308658869	24.8641917379785	-80.6365213740236	0	0
34276.778654645	24.7283184444725	-80.8031142832556	0	0
34833.7315036012	24.5923169357865	-80.967513505811	0	0
35399.7341083434	24.4561910150061	-81.1297528219362	0	0
35974.9335155743	24.3199443771225	-81.2898658487612	0	0
36559.4791613125	24.1835806116196	-81.4478860319572	0	0
37153.5229097173	24.0471032050247	-81.6038466380294	0	0
37757.2190925416	23.9105155434191	-81.7577807472204	0	0
38370.7245492279	23.7738209149086	-81.9097212469981	0	0
38994.1986676543	23.6370225120536	-82.0597008261063	0	0
39627.8034255439	23.5001234342567	-82.2077519691524	0	0
40271.7034325459	23.3631266901072	-82.3539069517124	0	0
40926.0659730011	23.2260351996829	-82.4981978359284	0	0
41591.0610494022	23.088851796808	-82.6406564665792	0	0
42266.8614265603	22.9515792312665	-82.7813144676034	0	0
42953.6426764887	22.8142201709719	-82.9202032390531	0	0
43651.5832240166	22.6767772040913	-83.0573539544625	0	0
44360.8643931432	22.5392528411254	-83.1927975586087	0	0
45081.670454146	22.4016495169441	-83.32656476565	0	0
45814.1886714533	22.2639695927765	-83.4586860576222	0	0
46558.6093522959	22.1262153581572	-83.5891916832778	0	0
47315.1258961481	21.9883890328279	-83.7181116572499	0	0
48083.9348449729	21.8504927685947	-83.845475759528	0	0
48865.2359342833	21.7125286511418	-83.9713135352285	0	0
49659.2321450336	21.5744987018017	-84.0956542946458	0	0
50466.1297563529	21.4364048792821	-84.2185271135721	0	0
51286.1383991365	21.2982490813502	-84.3399608338695	0	0
52119.471110508	21.1600331464745	-84.4599840642849	0	0
52966.3443891659	21.0217588554253	-84.5786251814933	0	0
53826.9782516287	20.8834279328331	-84.6959123313578	0	0
54701.5962893972	20.7450420487069	-84.8118734303972	0	0
55590.4257270403	20.606602819912	-84.9265361674474	0	0
56493.6974812303	20.4681118116083	-85.0399280055091	0	0
57411.6462207327	20.3295705386488	-85.1520761837697	0	0
58344.5104273745	20.1909804669406	-85.2630077197919	0	0
59292.5324579999	20.0523430147674	-85.3727494118582	0	0
60255.9586074359	19.9136595540746	-85.4813278414643	0	0
61235.0391724773	19.7749314117179	-85.5887693759525	0	0
62230.0285169159	19.636159870676	-85.6951001712762	0	0
63241.1851376219	19.4973461712275	-85.8003461748907	0	0
64268.771731702	19.3584915120928	-85.9045331287602	0	0
65313.0552647472	19.2195970515427	-86.0076865724764	0	0
66374.3070401909	19.0806639084719	-86.1098318464812	0	0
67452.8027697922	18.9416931634412	-86.2109940953873	0	0
68548.8226452662	18.8026858596855	-86.3111982713918	0	0
69662.6514110768	18.663643004092	-86.4104691377763	0	0
70794.5784384139	18.5245655681451	-86.5088312724883	0	0
71944.89780037	18.3854544888426	-86.6063090717992	0	0
73113.9083483417	18.2463106695807	-86.7029267540348	0	0
74301.9137896701	18.1071349810096	-86.7987083633721	0	0
75509.2227665435	17.967928261861	-86.8936777737	0	0
76736.1489361819	17.8286913197465	-86.9878586925377	0	0
77983.0110523258	17.6894249319286	-87.0812746650104	0	0
79250.1330480471	17.5501298460639	-87.1739490778741	0	0
80537.8441199067	17.4108067809204	-87.2659051635905	0	0
81846.478813479	17.2714564270681	-87.3571660044452	0	0
83176.3771102671	17.1320794475434	-87.4477545367096	0	0
84527.8845160289	16.9926764784893	-87.5376935548396	0	0
85901.3521505396	16.8532481297697	-87.6270057157125	0	0
87297.1368388112	16.7137949855601	-87.7157135428963	0	0
88715.601203796	16.5743176049141	-87.8038394309509	0	0
90157.1137605957	16.4348165223063	-87.8914056497582	0	0
91622.0490122	16.2952922481527	-87.9784343488794	0	0
93110.787546783	16.1557452693075	-88.0649475619365	0	0
94623.7161365792	16.0161760495385	-88.1509672110174	0	0
96161.2278383665	15.8765850299801	-88.2365151111025	0	0
97723.7220955811	15.7369726295648	-88.32161297451	0	0
99311.6048420934	15.5973392454337	-88.4062824153604	0	0
100925.288607669	15.4576852533258	-88.4905449540569	0	0
102565.192625141	15.3180110079468	-88.5744220217812	0	0
104231.74293933	15.178316843318	-88.6579349650034	0	0
105925.372517729	15.0386030731043	-88.7411050500049	0	0
107646.521362984	14.8988699909235	-88.8239534674125	0	0
109395.636627209	14.7591178706355	-88.9065013367438	0	0
111173.172728159	14.6193469666122	-88.9887697109621	0	0
112979.59146728	14.4795575139887	-89.0707795810395	0	0
114815.362149688	14.3397497288954	-89.1525518805289	0	0
116680.961706096	14.1999238086718	-89.2341074901425	0	0
118576.874816716	14.0600799320614	-89.315467242337	0	0
120503.59403718	13.9202182593885	-89.3966519259044	0	0
122461.619926505	13.7803389327169	-89.4776822905676	0	0
124451.461177138	13.6404420759911	-89.5585790515809	0	0
126473.634747115	13.5005277951579	-89.639362894334	0	0
128528.665994362	13.3605961782728	-89.7200544789589	0	0
130617.088813184	13.220647295586	-89.8006744449405	0	0
132739.445772974	13.0806811996128	-89.8812434157283	0	0
134896.288259165	12.9406979251857	-89.9617820033506	0	0
137088.176616485	12.8006974894884	-90.042310813029	0	0
139315.68029453	12.6606798920733	-90.1228504477946	0	0
141579.377995708	12.5206451148608	-90.2034215131038	0	0
143879.857825585	12.3805931221216	-90.284044621454	0	0
146217.717445672	12.2405238604411	-90.3647403969985	0	0
148593.564228701	12.1004372586665	-90.4455294801603	0	0
151008.015416415	11.9603332278362	-90.5264325322444	0	0
153461.698279929	11.8202116610918	-90.6074702400472	0	0
155955.250282695	11.6800724335719	-90.688663320464	0	0
158489.319246112	11.5399154022889	-90.7700325250928	0	0
161064.563517827	11.3997404059869	-90.8515986448341	0	0
163681.652142781	11.2595472649826	-90.9333825144869	0	0
166341.265037017	11.119335780987	-91.0154050173386	0	0
169044.093164326	10.9791057369099	-91.0976870897504	0	0
171790.838715759	10.8388568966449	-91.1802497257354	0	0
174582.21529205	10.6985890048366	-91.2631139815297	0	0
177418.948089016	10.5583017866285	-91.3463009801556	0	0
180301.774085957	10.4179949473919	-91.4298319159761	0	0
183231.442237121	10.2776681724354	-91.5137280592393	0	0
186208.713666287	10.1373211266957	-91.5980107606123	0	0
189234.361864497	9.99695345440725	-91.6827014557034	0	0
192309.172891016	9.8565647787533	-91.7678216695712	0	0
195433.94557754	9.71615470149566	-91.8533930212196	0	0
198609.491735737	9.57572280258435	-91.939437228078	0	0
201836.636368156	9.43526863974611	-92.025976110464	0	0
205116.217882557	9.29479174805182	-92.1130315960286	0	0
208449.088309729	9.15429163946228	-92.200625724181	0	0
211836.113524851	9.01376780235196	-92.288780650493	0	0
215278.173472437	8.87321970101069	-92.3775186510793	0	0
218776.162394955	8.73264677512232	-92.4668621269535	0	0
222330.989065141	8.59204843922063	-92.5568336083566	0	0
225943.577022098	8.45142408212155	-92.6474557590566	0	0
229614.864811236	8.31077306633143	-92.7387513806165	0	0
233345.806228101	8.17009472743104	-92.830743416629	0	0
237137.370566166	8.02938837343477	-92.9234549569138	0	0
240990.542868659	7.88865328412436	-93.016909241677	0	0
244906.324184475	7.74788871035697	-93.1111296656273	0	0
248885.731828239	7.60709387334714	-93.2061397820482	0	0
252929.799644615	7.46626796392166	-93.3019633068211	0	0
257039.578276886	7.32541014174738	-93.3986241223973	0	0
261216.135439921	7.18451953453111	-93.4961462817142	0	0
265460.556197554	7.04359523719115	-93.5945540120524	0	0
269773.943244492	6.90263631100003	-93.6938717188298	0	0
274157.417192788	6.76164178269748	-93.7941239893281	0	0
278612.116862977	6.6206106435737	-93.8953355963467	0	0
283139.199579938	6.47954184852178	-93.9975315017811	0	0
287739.841473567	6.33843431505894	-94.100736860118	0	0
292415.237784334	6.19728692231596	-94.2049770218442	0	0
297166.603173802	6.05609850999416	-94.3102775367631	0	0
301995.172040202	5.91486787728943	-94.4166641572115	0	0
306902.198839116	5.77359378178259	-94.5241628411731	0	0
311888.958409393	5.63227493829532	-94.6327997552798	0	0
316956.746304349	5.49091001771148	-94.7426012776959	0	0
322106.879128343	5.34949764576282	-94.8535940008765	0	0
327340.694878838	5.20803640177842	-94.965804734194	0	0
332659.553294005	5.06652481739765	-95.0792605064239	0	0
338064.836205982	4.9249613752457	-95.1939885680817	0	0
343557.947899875	4.78334450757099	-95.3100163936031	0	0
349140.315478586	4.64167259484432	-95.4273716833577	0	0
354813.389233575	4.49994396431861	-95.546082365487	0	0
360578.643021643	4.35815688854919	-95.6661765975569	0	0
366437.574647833	4.21630958387362	-95.7876827680138	0	0
372391.706254568	4.07440020885074	-95.9106294974352	0	0
378442.584717094	3.93242686265845	-96.0350456395613	0	0
384591.782045354	3.79038758344962	-96.160960282097	0	0
390840.895792403	3.64828034666562	-96.288402747273	0	0
397191.54946944	3.50610306330731	-96.4174025921508	0	0
403645.392967605	3.36385357816246	-96.547989608661	0	0
410204.102986607	3.22152966799018	-96.6801938233588	0	0
416869.383470335	3.0791290396611	-96.8140454968841	0	0
423642.966049541	2.93664932825343	-96.9495751231095	0	0
430526.610491711	2.79408809510486	-97.0868134279626	0	0
437522.105158252	2.65144282581971	-97.2257913679044	0	0
444631.267469108	2.50871092823146	-97.3665401280487	0	0
451855.944374922	2.36588973032053	-97.509091119904	0	0
459198.012836868	2.22297647808752	-97.6534759787207	0	0
466659.380314289	2.07996833338158	-97.799726560424	0	0
474241.985260245	1.93686237168458	-97.9478749381141	0	0
481947.797625127	1.7936555798511	-98.0979533981136	0	0
489778.819368447	1.65034485380452	-98.2499944355407	0	0
497737.084978937	1.50692699619007	-98.4040307493877	0	0
505824.662003113	1.363398713985	-98.5600952370826	0	0
514043.651582426	1.21975661606679	-98.7182209885117	0	0
522396.18899912	1.07599721074049	-98.8784412794782	0	0
530884.444230989	0.932116903225577	-99.0407895645751	0	0
539510.622515128	0.788111993104151	-99.2052994694466	0	0
548276.964920854	0.643978671731198	-99.3720047824125	0	0
557185.748931931	0.499713019608808	-99.540939445431	0	0
566239.289038254	0.355311003725852	-99.7121375443712	0	0
575439.937337157	0.210768474864754	-99.8856332985713	0	0
584790.084144481	0.0660811648777036	-100.061461049652	0	0
594292.158615572	-0.0787553160654535	-100.239655249559	0	0
603948.62937638	-0.223745482255474	-100.420250447804	0	0
613762.005164794	-0.368893975245004	-100.603281277876	0	0
623734.835482419	-0.514205566670197	-100.788782442798	0	0
633869.711256928	-0.659685161089363	-100.976788699784	0	0
644169.265515177	-0.805337798834942	-101.167334843991	0	0
654636.174067274	-0.951168658875426	-101.360455691308	0	0
665273.156201742	-1.09718306168258	-101.556186060172	0	0
676082.975391982	-1.2433864720999	-101.754560752373	0	0
687068.440014232	-1.3897845022076	-101.955614532811	0	0
698232.404077172	-1.53638291417864	-102.159382108187	0	0
709577.76796339	-1.68318762312069	-102.365898104586	0	0
721107.479182902	-1.8302046998981	-102.575197043926	0	0
732824.533138904	-1.97744037392748	-102.787313319249	0	0
744731.973905988	-2.12490103594067	-103.002281168813	0	0
756832.895020975	-2.27259324070745	-103.220134648966	0	0
769130.44028661	-2.42052370971107	-103.440907605768	0	0
781627.804588329	-2.56869933376862	-103.664633645339	0	0
794328.234724283	-2.71712717558764	-103.891346102903	0	0
807235.030248839	-2.86581447225023	-104.12107801051	0	0
820351.544329816	-3.01476863761578	-104.353862063403	0	0
833681.184619634	-3.16399726463211	-104.589730585021	0	0
847227.414140595	-3.31350812754487	-104.828715490609	0	0
860993.752184601	-3.46330918399493	-105.070848249421	0	0
874983.775227436	-3.61340857699193	-105.316159845512	0	0
889201.117857948	-3.76381463675295	-105.564680737084	0	0
903649.473722302	-3.9145358823936	-105.816440814406	0	0
918332.596483581	-4.0655810234592	-106.071469356278	0	0
933254.300796991	-4.21695896128296	-106.329794985053	0	0
948418.463300896	-4.36867879015727	-106.591445620215	0	0
963829.023623969	-4.52074979830454	-106.85644843051	0	0
979489.985408699	-4.67318146863251	-107.124829784659	0	0
995405.417351527	-4.82598347925967	-107.396615200652	0	0
1011579.4542599	-4.97916570379531	-107.671829293656	0	0
1028016.29812647	-5.13273821135846	-107.950495722551	0	0
1044720.2192208	-5.28671126631956	-108.232637135138	0	0
1061695.55719872	-5.44109532774929	-108.518275112054	0	0
1078946.72222983	-5.59590104855698	-108.807430109434	0	0
1096478.19614319	-5.7511392743027	-109.100121400378	0	0
1114294.53359173	-5.9068210416655	-109.39636701528	0	0
1132400.36323556	-6.06295757655129	-109.696183681085	0	0
1150800.38894444	-6.2195602918229	-109.999586759552	0	0
1169499.39101987	-6.37664078463527	-110.306590184604	0	0
1188502.22743702	-6.53421083335936	-110.617206398851	0	0
1207813.83510678	-6.69228239407732	-110.931446289401	0	0
1227439.23115841	-6.85086759663303	-111.249319123051	0	0
1247383.51424294	-7.00997874022145	-111.570832480988	0	0
1267651.86585785	-7.16962828850169	-111.895992193124	0	0
1288249.55169314	-7.32982886421825	-112.224802272209	0	0
1309181.92299941	-7.490593243316	-112.557264847849	0	0
1330454.41797809	-7.65193434853615	-112.89338010062	0	0
1352072.56319428	-7.81386524247941	-113.233146196407	0	0
1374041.97501251	-7.97639912012542	-113.576559221176	0	0
1396368.36105594	-8.13954930079803	-113.923613116341	0	0
1419057.52168909	-8.30332921956685	-114.274299614941	0	0
1442115.35152487	-8.46775241807798	-114.628608178811	0	0
1465547.84095591	-8.63283253480729	-114.986525936979	0	0
1489361.07771092	-8.79858329473197	-115.348037625496	0	0
1513561.24843621	-8.96501849841837	-115.71312552894	0	0
1538154.64030303	-9.13215201052478	-116.081769423813	0	0
1563147.64264095	-9.29999774772108	-116.453946524093	0	0
1588546.74859778	-9.46856966602968	-116.829631429179	0	0
1614358.55682649	-9.63788174759296	-117.20879607448	0	0
1640589.77319954	-9.80794798687695	-117.591409684917	0	0
1667247.21255107	-9.9787823763221	-117.977438731575	0	0
1694337.80044733	-10.1503988914553	-118.366846891799	0	0
1721868.574986	-10.3228114754803	-118.759595012968	0	0
1749846.68862466	-10.4960340233668	-119.155641080218	0	0
1778279.41003892	-10.6700803654592	-119.554940188378	0	0
1807174.12601092	-10.8449642506338	-119.95744451837	0	0
1836538.34334835	-11.0206993290303	-120.363103318314	0	0
1866379.69083467	-11.1972991343921	-120.771862889601	0	0
1896705.92121115	-11.3747770660484	-121.183666578142	0	0
1927524.91319094	-11.5531463705777	-121.598454771043	0	0
1958844.67350599	-11.7324201231922	-122.016164898896	0	0
1990673.33898719	-11.9126112088892	-122.436731443899	0	0
2023019.17867827	-12.0937323034136	-122.860085953973	0	0
2055890.59598414	-12.2757958540828	-123.286157063053	0	0
2089296.13085404	-12.4588140605262	-123.714870517697	0	0
2123244.46200022	-12.6427988553916	-124.146149210128	0	0
2157744.40915267	-12.8277618850771	-124.579913217819	0	0
2192804.93535045	-13.013714490546	-125.016079849704	0	0
2228435.1492703	-13.2006676882852	-125.454563699056	0	0
2264644.30759306	-13.3886321514676	-125.895276703075	0	0
2301441.81740851	-13.5776181913833	-126.338128209164	0	0
2338837.23865936	-13.7676357391999	-126.783025047886	0	0
2376840.28662488	-13.9586943281199	-127.22987161253	0	0
2415460.83444494	-14.1508030759947	-127.678569945196	0	0
2454708.91568503	-14.3439706684631	-128.129019829285	0	0
2494594.72694296	-14.5382053426745	-128.581118888243	0	0
2535128.63049791	-14.7335148716606	-129.034762690375	0	0
2576321.15700258	-14.9299065494156	-129.48984485951	0	0
2618183.00821899	-15.1273871767442	-129.946257191296	0	0
2660725.05979881	-15.3259630479344	-130.403889774831	0	0
2703958.36410885	-15.5256399383084	-130.862631119337	0	0
2747894.1531024	-15.726423092704	-131.322368285563	0	0
2792543.84123734	-15.9283172149342	-131.782987021536	0	0
2837919.02844156	-16.1313264582691	-132.244371902317	0	0
2884031.5031266	-16.335454416981	-132.706406473325	0	0
2930893.24525032	-16.5407041189886	-133.168973396845	0	0
2978516.42942919	-16.7470780196327	-133.631954601247	0	0
3026913.42810131	-16.9545779966098	-134.095231432495	0	0
3076096.81474071	-17.1632053460858	-134.558684807448	0	0
3126079.36712396	-17.3729607800076	-135.022195368499	0	0
3176874.07064977	-17.5838444246235	-135.485643639049	0	0
3228494.12171264	-17.7958558202191	-135.948910179334	0	0
3280952.93113119	-18.0089939220705	-136.411875742114	0	0
3334264.12763234	-18.22325710261	-136.874421427725	0	0
3388441.56139203	-18.4386431547946	-137.336428838007	0	0
3443499.30763338	-18.6551492966633	-137.797780228629	0	0
3499451.67028358	-18.8727721770622	-138.258358659343	0	0
3556313.18568986	-19.0915078825135	-138.71804814169	0	0
3614098.62639613	-19.3113519451981	-139.176733783737	0	0
3672823.00498085	-19.532299352017	-139.634301931387	0	0
3732501.5779572	-19.7543445546934	-140.090640305887	0	0
3793149.84973681	-19.9774814808733	-140.545638137112	0	0
3854783.57665772	-20.2017035461764	-140.999186292286	0	0
3917418.77107783	-20.4270036671487	-141.451177399793	0	0
3981071.70553498	-20.6533742750637	-141.901505967759	0	0
4045758.91697443	-20.8808073305159	-142.350068497135	0	0
4111497.21104521	-21.1092943387482	-142.796763589015	0	0
4178303.66646622	-21.3388263656553	-143.241492045965	0	0
4246195.63946312	-21.5693940543978	-143.684156967175	0	0
4315190.76827764	-21.8009876425683	-144.124663837262	0	0
4385306.97774986	-22.0335969798432	-144.562920608602	0	0
4456562.48397503	-22.2672115460565	-144.998837777066	0	0
4528975.7990362	-22.5018204696334	-145.432328451124	0	0
4602565.73581356	-22.7374125463176	-145.863308414233	0	0
4677351.41287198	-22.9739762581307	-146.291696180534	0	0
4753352.25942805	-23.2114997925015	-146.717413043846	0	0
4830588.02039772	-23.4499710615044	-147.14038312001	0	0
4909078.76152603	-23.6893777211467	-147.560533382651	0	0
4988844.87460012	-23.9297071906493	-147.977793692455	0	0
5069907.08274704	-24.1709466716635	-148.392096820057	0	0
5152286.44581757	-24.4130831673727	-148.803378462702	0	0
5236004.36585751	-24.6561035014268	-149.21157725482	0	0
5321082.59266794	-24.8999943366631	-149.616634772691	0	0
5407543.22945582	-25.1447421935662	-150.018495533397	0	0
5495408.73857625	-25.3903334684274	-150.417106988261	0	0
5584701.94736831	-25.6367544511616	-150.812419510997	0	0
5675446.05408548	-25.8839913427481	-151.20438638079	0	0
5767664.63392252	-26.1320302722583	-151.592963760563	0	0
5861381.64514029	-26.3808573134447	-151.978110670659	0	0
5956621.43529012	-26.63045850086	-152.359788958203	0	0
6053408.74753913	-26.880819845484	-152.737963262395	0	0
6151768.72709868	-27.1319273498382	-153.112600976003	0	0
6251726.92775686	-27.3837670225669	-153.483672203299	0	0
6353309.31851744	-27.6363248924725	-153.85114971473	0	0
6456542.29034657	-27.8895870219908	-154.215008898549	0	0
6561452.66302906	-28.1435395200967	-154.575227709697	0	0
6668067.69213623	-28.3981685546333	-154.931786616169	0	0
6776415.07610675	-28.6534603640588	-155.284668543123	0	0
6886522.96344276	-28.9094012686098	-155.633858814976	0	0
6998419.96002273	-29.1659776808787	-155.979345095734	0	0
7112135.1365333	-29.4231761158097	-156.321117327765	0	0
7227698.0360217	-29.6809832001138	-156.65916766927	0	0
7345138.68157116	-29.939385681111	-156.993490430645	0	0
7464487.58410067	-30.1983704350041	-157.324082009952	0	0
7585775.75029182	-30.4579244745956	-157.650940827699	0	0
7709034.6906443	-30.7180349564548	-157.974067261111	0	0
7834296.42766211	-30.9786891875472	-158.293463578079	0	0
7961593.50417318	-31.2398746313399	-158.609133870964	0	0
8090958.99178383	-31.5015789133934	-158.921083990394	0	0
8222426.49947071	-31.7637898264564	-159.229321479238	0	0
8356030.18231247	-32.0264953350765	-159.533855506864	0	0
8491804.75036315	-32.2896835797441	-159.834696803846	0	0
8629785.47766969	-32.5533428805825	-160.131857597214	0	0
8770008.21143635	-32.8174617406047	-160.425351546385	0	0
8912509.38133745	-33.0820288485489	-160.715193679857	0	0
9057326.00898199	-33.3470330813131	-161.001400332777	0	0
9204495.71753172	-33.6124635060043	-161.283989085464	0	0
9354056.74147552	-33.8783093816195	-161.562978702965	0	0
9506047.93656281	-34.1445601603751	-161.838389075712	0	0
9660508.78989814	-34.4112054887031	-162.110241161351	0	0
9817479.43019985	-34.6782352079293	-162.378556927783	0	0
9977000.63822553	-34.9456393546512	-162.643359297486	0	0
10139113.8573668	-35.2134081608313	-162.904672093137	0	0
10303861.2044162	-35.481532053623	-163.162519984581	0	0
10471285.480509	-35.7500016549431	-163.416928437182	0	0
10641430.1822432	-36.0188077808089	-163.667923661562	0	0
10814339.5129794	-36.287941440452	-163.915532564755	0	0
10990058.3943252	-36.5573938352259	-164.159782702798	0	0
11168632.4778056	-36.8271563573205	-164.40070223475	0	0
11350108.1567231	-37.0972205882975	-164.638319878148	0	0
11534532.5782109	-37.3675782974598	-164.872664865915	0	0
11721953.6554813	-37.6382214400678	-165.103766904691	0	0
11912420.0802738	-37.9091421554157	-165.331656134597	0	0
12105981.3355048	-38.1803327647786	-165.556363090421	0	0
12302687.7081238	-38.4517857692418	-165.777918664198	0	0
12502590.3021772	-38.7234938474251	-165.996354069195	0	0
12705741.0520854	-38.9954498531092	-166.211700805247	0	0
12912192.7361353	-39.2676468127775	-166.423990625462	0	0
13121998.990192	-39.5400779230806	-166.63325550424	0	0
13335214.3216332	-39.8127365482331	-166.839527606603	0	0
13551894.1235104	-40.0856162173514	-167.042839258806	0	0
13772094.6889395	-40.3587106217407	-167.243222920193	0	0
13995873.2257262	-40.6320136121385	-167.440711156287	0	0
14223287.8712282	-40.9055191959211	-167.635336613073	0	0
14454397.7074593	-41.1792215342823	-167.827131992444	0	0
14689262.7764387	-41.4531149393874	-168.016130028792	0	0
14927944.09579	-41.7271938715112	-168.202363466706	0	0
15170503.6745934	-42.0014529361644	-168.38586503974	0	0
15417004.5294956	-42.2758868812134	-168.566667450233	0	0
15667510.7010815	-42.5504905939997	-168.744803350145	0	0
15922087.2705117	-42.8252590984611	-168.920305322874	0	0
16180800.3764307	-43.1001875522626	-169.093205866027	0	0
16443717.2321493	-43.375271243936	-169.263537375114	0	0
16710906.1431071	-43.6505055900373	-169.431332128137	0	0
16982436.5246175	-43.9258861323205	-169.596622271036	0	0
17258378.919902	-44.2014085349337	-169.75943980397	0	0
17538805.0184176	-44.4770685816393	-169.9198165684	0	0
17823787.6744809	-44.7528621730617	-170.077784234948	0	0
18113400.926196	-45.0287853239627	-170.233374291995	0	0
18407720.0146896	-45.3048341605497	-170.386618035003	0	0
18706821.403658	-45.5810049178164	-170.537546556521	0	0
19010782.799233	-45.8572939369186	-170.686190736856	0	0
19319683.1701693	-46.1336976625862	-170.832581235385	0	0
19633602.7683605	-46.4102126405734	-170.976748482464	0	0
19952623.1496888	-46.6868355151478	-171.118722671941	0	0
20276827.1952128	-46.9635630266192	-171.258533754216	0	0
20606299.1327	-47.2403920089096	-171.396211429842	0	0
20941124.5585089	-47.5173193871649	-171.531785143648	0	0
21281390.4598271	-47.7943421754088	-171.665284079342	0	0
21627185.2372702	-48.0714574742397	-171.796737154592	0	0
21978598.7278483	-48.34866246857	-171.926173016556	0	0
22335722.2283053	-48.6259544254102	-172.053620037839	0	0
22698648.5188383	-48.9033306916956	-172.179106312857	0	0
23067471.8872007	-49.1807886921571	-172.302659654596	0	0
23442288.1531992	-49.4583259272362	-172.424307591736	0	0
23823194.6935869	-49.7359399710434	-172.544077366138	0	0
24210290.4673618	-50.0136284693601	-172.661995930654	0	0
24603676.0414763	-50.2913891376842	-172.778089947269	0	0
25003453.6169643	-50.5692197593194	-172.892385785542	0	0
25409727.0554931	-50.8471181835066	-173.004909521332	0	0
25822601.906346	-51.1250823235978	-173.115686935804	0	0
26242185.4338444	-51.4031101552737	-173.224743514686	0	0
26668586.6452148	-51.681199714801	-173.332104447781	0	0
27101916.3189084	-51.9593490973328	-173.437794628704	0	0
27542287.0333817	-52.2375564552485	-173.541838654841	0	0
27989813.1963436	-52.5158199965345	-173.644260827514	0	0
28444611.0744792	-52.7941379832051	-173.745085152344	0	0
28906798.8236548	-53.0725087297616	-173.844335339797	0	0
29376496.5196153	-53.3509306016905	-173.942034805906	0	0
29853826.1891797	-53.6294020139996	-174.038206673151	0	0
30338911.8419427	-53.9079214297912	-174.132873771496	0	0
30831879.5024935	-54.1864873588726	-174.226058639577	0	0
31332857.2431559	-54.4650983564013	-174.317783526009	0	0
31841975.2172613	-54.7437530215668	-174.408070390836	0	0
32359365.6929628	-55.0224499963068	-174.496940907091	0	0
32885163.0875984	-55.3011879640569	-174.584416462467	0	0
33419504.0026115	-55.5799656485337	-174.670518161091	0	0
33962527.2590408	-55.8587818125516	-174.755266825397	0	0
34514373.9335856	-56.1376352568701	-174.838682998088	0	0
35075187.3952568	-56.4165248190734	-174.92078694417	0	0
35645113.3426245	-56.6954493724799	-175.00159865308	0	0
36224299.8416699	-56.9744078250826	-175.081137840869	0	0
36812897.3642531	-57.2533991185177	-175.159423952458	0	0
37411058.8272054	-57.5324222270628	-175.23647616395	0	0
38018939.6320561	-57.8114761566618	-175.312313384996	0	0
38636697.7054068	-58.090559943979	-175.386954261214	0	0
39264493.53996	-58.369672655478	-175.460417176649	0	0
39902490.2362142	-58.648813386527	-175.532720256275	0	0
40550853.5448384	-58.9279812605312	-175.603881368534	0	0
41209751.909733	-59.2071754280871	-175.673918127902	0	0
41879356.5117918	-59.4863950661637	-175.742847897494	0	0
42559841.3133744	-59.7656393773052	-175.810687791684	0	0
43251383.1035009	-60.0449075888581	-175.877454678751	0	0
43954161.5437825	-60.3241989522197	-175.943165183546	0	0
44668359.2150963	-60.6035127421091	-176.007835690168	0	0
45394161.6650204	-60.882848255859	-176.071482344656	0	0
46131757.456038	-61.162204812728	-176.134121057696	0	0
46881338.2145265	-61.441581753234	-176.195767507326	0	0
47643098.6805415	-61.7209784385064	-176.256437141652	0	0
48417236.75841	-62.0003942496571	-176.316145181568	0	0
49203953.5681451	-62.2798285871713	-176.374906623471	0	0
50003453.4976978	-62.559280870315	-176.432736241978	0	0
50815944.2560561	-62.8387505365614	-176.489648592643	0	0
51641636.9272071	-63.118237041033	-176.545658014662	0	0
52480746.0249773	-63.3977398559618	-176.600778633577	0	0
53333489.5487622	-63.6772584701646	-176.655024363971	0	0
54200089.0401625	-63.9567923885346	-176.708408912148	0	0
55080769.6405404	-64.2363411315478	-176.760945778811	0	0
55975760.149511	-64.5159042347855	-176.81264826172	0	0
56885293.0843841	-64.7954812484692	-176.863529458342	0	0
57809604.7405719	-65.0750717370116	-176.91360226848	0	0
58748935.2529777	-65.3546752785801	-176.962879396893	0	0
59703528.6583837	-65.634291464674	-177.011373355898	0	0
60673632.9588507	-65.9139198997141	-177.059096467948	0	0
61659500.1861483	-66.1935602006458	-177.106060868204	0	0
62661386.4672334	-66.4732119965533	-177.152278507074	0	0
63679552.0907916	-66.7528749282863	-177.197761152744	0	0
64714261.5748583	-67.0325486480979	-177.24252039368	0	0
65765783.7355421	-67.3122328192938	-177.286567641116	0	0
66834391.7568615	-67.5919271158923	-177.329914131514	0	0
67920363.2617185	-67.8716312222946	-177.372570929009	0	0
69023980.3840243	-68.151344832966	-177.414548927822	0	0
70145529.8419972	-68.4310676521258	-177.455858854662	0	0
71285303.0126518	-68.7107993934481	-177.496511271094	0	0
72443596.007499	-68.9905397797713	-177.536516575889	0	0
73620709.7494736	-69.2702885428167	-177.57588500735	0	0
74816950.0511155	-69.5500454229161	-177.614626645613	0	0
76032627.6940182	-69.8298101687476	-177.652751414923	0	0
77268058.5095702	-70.1095825370805	-177.690269085886	0	0
78523563.4610073	-70.389362292527	-177.727189277697	0	0
79799468.7267976	-70.6691492073032	-177.763521460341	0	0
81096105.7853839	-70.9489430609964	-177.799274956775	0	0
82413811.5013002	-71.2287436403406	-177.834458945076	0	0
83752928.2126882	-71.5085507389989	-177.869082460572	0	0
85113803.8202375	-71.7883641573526	-177.903154397943	0	0
86496791.8775693	-72.0681837022976	-177.9366835133	0	0
87902251.6830884	-72.3480091870468	-177.969678426236	0	0
89330548.3733297	-72.6278404309392	-178.002147621855	0	0
90782053.0178184	-72.9076772592552	-178.034099452773	0	0
92257142.7154763	-73.1875195030374	-178.065542141098	0	0
93756200.6925882	-73.4673669989181	-178.096483780379	0	0
95279616.4023651	-73.7472195889512	-178.126932337538	0	0
96827785.6261247	-74.0270771204511	-178.156895654769	0	0
98401110.5761134	-74.3069394458359	-178.186381451422	0	0
99999999.9999999	-74.5868064224754	-178.215397325849	0	0
 
