1.000000000000000000e+02 2.960507945645333194e+01 nan 1.001306802546401142e-01 nan 2.964376744967343491e+00 nan 6.060710351280196306e-03 nan -2.664770715816051731e-03 nan 2.286709352429631692e-01 nan
1.123324032978027702e+02 2.925867394792806309e+01 nan 1.012854316018168693e-01 nan 2.963477418912729089e+00 nan 1.195671353941119008e-02 nan -3.372398380907519477e-03 nan 2.276354034589141428e-01 nan
1.261856883066021027e+02 2.943700075621950774e+01 nan 1.007223130955468976e-01 nan 2.964962806761791914e+00 nan 1.622503504643546535e-02 nan -4.316977369635839785e-03 nan 2.264218285850526924e-01 nan
1.417474162926804695e+02 2.976425010464008380e+01 nan 9.958770252183656024e-02 nan 2.964153285206439392e+00 nan -2.509488299200279826e-02 nan -4.613955582908647012e-03 nan 2.265796879834265642e-01 nan
1.592282793341092315e+02 2.932447105485121952e+01 nan 1.010826194181700249e-01 nan 2.964194347276668751e+00 nan 2.619992860336139984e-02 nan -1.849379852807190921e-03 nan 2.291385873824140218e-01 nan
1.788649529057435075e+02 2.961667024828659933e+01 nan 1.000502560413168984e-01 nan 2.963155441432326676e+00 nan -5.696520979223684833e-03 nan -1.860048665577980313e-03 nan 2.286426542486561797e-01 nan
2.009233002565048025e+02 2.957031714328737948e+01 nan 1.002350074567258387e-01 nan 2.963980959355158262e+00 nan 4.042758752363262431e-03 nan -2.717531841720511893e-03 nan 2.281369323216421163e-01 nan
2.257019719633919124e+02 2.981457824474479779e+01 nan 9.941557528677294475e-02 nan 2.964033448133809312e+00 nan 1.296046107419890348e-02 nan -1.429990813817360413e-03 nan 2.302102690391412965e-01 nan
2.535364493970111539e+02 2.958962581718997953e+01 nan 1.001403317316426483e-01 nan 2.963114945148582091e+00 nan 3.140250421004120440e-02 nan -1.100549277561518619e-03 nan 2.290833534889919754e-01 nan
2.848035868435802058e+02 2.972810891715042558e+01 nan 9.970361545715014651e-02 nan 2.963999939743842127e+00 nan 2.643459390834612677e-02 nan -4.554084486209918591e-03 nan 2.256531008825408691e-01 nan
3.199267137797384635e+02 2.902538440103988648e+01 nan 1.020652366302056691e-01 nan 2.962482727174816421e+00 nan 8.163483053145625945e-03 nan 2.637510014065045597e-03 nan 2.331457323191459541e-01 nan
3.593813663804625662e+02 2.905309047851750037e+01 nan 1.019208610143669397e-01 nan 2.961115996698809649e+00 nan 2.333976833988504751e-02 nan 3.680642947778797747e-03 nan 2.353105485918694229e-01 nan
4.037017258596553688e+02 2.989235578373648039e+01 nan 9.900788945656295581e-02 nan 2.959579057032431848e+00 nan 2.685743626130188133e-02 nan 4.557659418564508937e-03 nan 2.350349592946378019e-01 nan
4.534878508128581984e+02 2.960873353572950606e+01 nan 1.001628438997190229e-01 nan 2.965694955207650363e+00 nan -4.944965429844128124e-03 nan -5.349454365989199031e-03 nan 2.251900104505145384e-01 nan
5.094138014816380178e+02 2.948284190257444237e+01 nan 1.004901633919802195e-01 nan 2.962735600049626772e+00 nan 3.400574507437470473e-02 nan 9.992290356383639206e-04 nan 2.308616089100808955e-01 nan
5.722367659350220492e+02 2.969441574809730611e+01 nan 9.982734774087111129e-02 nan 2.964314766847309102e+00 nan 3.751798649376647532e-02 nan -5.158507019881864927e-03 nan 2.254176327533019553e-01 nan
6.428073117284319551e+02 2.961230249004039550e+01 nan 9.997563972424620971e-02 nan 2.960508885149677472e+00 nan -5.558059610155652308e-03 nan 3.739718416035817290e-03 nan 2.354542966332322518e-01 nan
7.220809018385464242e+02 3.007297669341051716e+01 nan 9.864783841786012308e-02 nan 2.966634145595634209e+00 nan 2.324295633555673035e-02 nan -1.122960091411687004e-02 nan 2.184069581597801180e-01 nan
8.111308307896872520e+02 2.946796263136410232e+01 nan 1.004898618088946732e-01 nan 2.961231492615450822e+00 nan 3.360334589830582530e-02 nan 1.821172754876123224e-03 nan 2.322416777221090189e-01 nan
9.111627561154887189e+02 2.996539002774236948e+01 nan 9.889804312239561246e-02 nan 2.963518435143068341e+00 nan 2.162274713953138416e-02 nan -4.326906668093871179e-03 nan 2.267877120621799858e-01 nan
1.023531021899026882e+03 2.988537115664703592e+01 nan 9.924086066507392667e-02 nan 2.965849954880827699e+00 nan 1.432463099823388930e-02 nan -1.057744108582415847e-02 nan 2.197251898259844072e-01 nan
1.149756995397735636e+03 2.993336391319064305e+01 nan 9.883599459973457790e-02 nan 2.958493794076000327e+00 nan 2.675702917924516200e-02 nan 2.237633962316949807e-03 nan 2.346322236736606837e-01 nan
1.291549665014884113e+03 3.002857462609381400e+01 nan 9.857425777378600595e-02 nan 2.960044455771941418e+00 nan 4.437846984155635610e-02 nan -2.518808452731510685e-03 nan 2.296876920220667917e-01 nan
1.450828778495940242e+03 2.997259039559076754e+01 nan 9.869748270581572835e-02 nan 2.958219222217318478e+00 nan 4.046137664176852056e-02 nan 5.711964235776772168e-03 nan 2.383173081344187039e-01 nan
1.629750834620643445e+03 3.004921725131519494e+01 nan 9.857499359628041358e-02 nan 2.962101398121634421e+00 nan 4.001493757367002857e-02 nan -5.674974852588480015e-03 nan 2.253626097660944572e-01 nan
1.830738280295367758e+03 3.019464797058968486e+01 nan 9.794850997243889634e-02 nan 2.957520777861585515e+00 nan 4.339387521096638167e-02 nan 1.258292840209746660e-03 nan 2.338478723256355862e-01 nan
2.056512308348651459e+03 3.023141003052577602e+01 nan 9.791090582925451868e-02 nan 2.959984740584389762e+00 nan 4.653503024499983098e-02 nan -6.090401620421011068e-03 nan 2.265580360329385867e-01 nan
2.310129700083158241e+03 3.038546240796908648e+01 nan 9.732633772467366717e-02 nan 2.957305776238375206e+00 nan 4.972905455110776529e-02 nan -3.162196761895178388e-03 nan 2.310982550915602896e-01 nan
2.595024211399737396e+03 3.059266597026436330e+01 nan 9.655699917800346366e-02 nan 2.953936022943750572e+00 nan 6.450866572616753558e-02 nan 4.664279303823138864e-03 nan 2.407813662668153720e-01 nan
2.915053062825175857e+03 3.091716074302090433e+01 nan 9.562485190020204862e-02 nan 2.956448917226114581e+00 nan 5.789095052696247024e-02 nan -3.555263721666893258e-03 nan 2.306600083136655654e-01 nan
3.274549162877728577e+03 3.112328843296822001e+01 nan 9.491558192188409571e-02 nan 2.954085032937822763e+00 nan 7.108564050269583490e-02 nan -1.663267516409136114e-03 nan 2.347835034511761287e-01 nan
3.678379771828634148e+03 3.136154444378835748e+01 nan 9.413255517612474643e-02 nan 2.952142312763395893e+00 nan 6.854529660946040437e-02 nan 3.919885539855970380e-03 nan 2.392165853631486039e-01 nan
4.132012400115334458e+03 3.166804678981394972e+01 nan 9.321097442693618285e-02 nan 2.951809499476366394e+00 nan 7.423591922106131946e-02 nan 5.477151388479529343e-04 nan 2.358776322641735201e-01 nan
4.641588833612781855e+03 3.185619371564527569e+01 nan 9.262110169979652363e-02 nan 2.950555757905199972e+00 nan 7.341428823174833695e-02 nan 4.324814588827593414e-04 nan 2.363464837508725547e-01 nan
5.214008287999684399e+03 3.247589434346328829e+01 nan 9.072310505447657436e-02 nan 2.946313974260101443e+00 nan 7.151514848902973398e-02 nan 3.039505959141093876e-03 nan 2.418362031410923041e-01 nan
5.857020818056666940e+03 3.262943129119134511e+01 nan 8.990645126461348224e-02 nan 2.933596374173549126e+00 nan 7.384447860992304769e-02 nan 4.571976924110801935e-03 nan 2.661471479582253608e-01 nan
6.579332246575682802e+03 3.284624468852492640e+01 nan 8.927926671701717776e-02 nan 2.932488640199225838e+00 nan 7.763348804744429899e-02 nan 4.859076047572130630e-03 nan 2.665047534752914005e-01 nan
7.390722033525775259e+03 3.347251616601361235e+01 nan 8.802183990177930850e-02 nan 2.946312459074569734e+00 nan 6.704005001254209617e-02 nan 4.364394970674851867e-03 nan 2.401641209687163658e-01 nan
8.302175681319744399e+03 3.379818582720580622e+01 nan 8.705648726343756527e-02 nan 2.942351333993438178e+00 nan 6.224289044931952120e-02 nan 5.032853310514012399e-03 nan 2.424129869283208616e-01 nan
9.326033468832200015e+03 3.411868715738880553e+01 nan 8.622989459950859692e-02 nan 2.942050797455244115e+00 nan 5.053875414316388870e-02 nan 5.773571771244216840e-03 nan 2.442474753906138663e-01 nan
1.047615752789666294e+04 3.411862584732032389e+01 nan 8.619779529486817915e-02 nan 2.940950326529515824e+00 nan 3.748314971530941619e-02 nan 7.354378962581502310e-03 nan 2.470761921648253479e-01 nan
1.176811952434999148e+04 3.442582332463771166e+01 nan 8.547640580628117213e-02 nan 2.942595644712072911e+00 nan 3.601483714935582725e-02 nan 4.320293319911194981e-03 nan 2.432616187914355688e-01 nan
1.321941148466028790e+04 3.456999993382590475e+01 nan 8.498713856360526342e-02 nan 2.938005374519887081e+00 nan 2.342789297859670938e-02 nan 9.311008241947162783e-03 nan 2.488649818424763238e-01 nan
1.484968262254463480e+04 3.469992865641502533e+01 nan 8.475680673858571046e-02 nan 2.941055146974480117e+00 nan 1.434915424136828932e-02 nan 5.883212704590421241e-03 nan 2.450531866537552506e-01 nan
1.668100537200059262e+04 3.483466647765289537e+01 nan 8.431331393844618272e-02 nan 2.937026170671415581e+00 nan -7.849156765393772162e-05 nan 1.242820069168672388e-02 nan 2.527453934339461972e-01 nan
1.873817422860383158e+04 3.496402291941450358e+01 nan 8.410786006129046533e-02 nan 2.940749146885867304e+00 nan -1.276231939643857061e-02 nan 1.159503862242311500e-02 nan 2.517098383079833801e-01 nan
2.104904144512021958e+04 3.487908705032560164e+01 nan 8.434520587707358685e-02 nan 2.941883778064084076e+00 nan -2.300838343792044327e-02 nan 1.036107946691578775e-02 nan 2.469338147591304544e-01 nan
2.364489412645407356e+04 3.507767475304849825e+01 nan 8.377334306851072498e-02 nan 2.938574081132768967e+00 nan -3.172117458085699226e-02 nan 1.217116765302199942e-02 nan 2.504465516229184563e-01 nan
2.656087782946684092e+04 3.510087905327944924e+01 nan 8.376701754829139757e-02 nan 2.940295951616513470e+00 nan -3.998583579131764765e-02 nan 9.198349073869904746e-03 nan 2.466888119362121157e-01 nan
2.983647240283340216e+04 3.509980571091279700e+01 nan 8.376048425132441577e-02 nan 2.939976723473458176e+00 nan -5.133685546318167425e-02 nan 6.376035341445623027e-03 nan 2.453876891502571045e-01 nan
3.351602650938840816e+04 3.508815883451593720e+01 nan 8.361949053814905775e-02 nan 2.934053965663876884e+00 nan -6.428075759781259890e-02 nan 1.341235701274658132e-02 nan 2.613417225159024304e-01 nan
3.764935806792470976e+04 3.519249284946612022e+01 nan 8.335426780549660963e-02 nan 2.933444473717423229e+00 nan -8.179081528280063296e-02 nan 1.105196809022131015e-02 nan 2.522768177091190833e-01 nan
4.229242874389499048e+04 3.491240746644438531e+01 nan 8.412725965865076871e-02 nan 2.937085168238184441e+00 nan -9.288048975406359986e-02 nan 1.355323171511330430e-02 nan 2.532504800515678611e-01 nan
4.750810162102793402e+04 3.548106937097104208e+01 nan 8.263209189886301653e-02 nan 2.931874984932012929e+00 nan -1.061818467894224405e-01 nan 1.503491868102572668e-02 nan 2.556761337064187289e-01 nan
5.336699231206301920e+04 3.509668605016661758e+01 nan 8.359053769689149538e-02 nan 2.933750858312418330e+00 nan -1.111104373246094568e-01 nan 1.434777562922781059e-02 nan 2.556176670293514031e-01 nan
5.994842503189409035e+04 3.476720761098884083e+01 nan 8.436593281784082743e-02 nan 2.933167901572608649e+00 nan -1.543174318209410423e-01 nan 1.264339210141270271e-02 nan 2.554164400664008516e-01 nan
6.734150657750827668e+04 3.499175439652318431e+01 nan 8.366706747798677291e-02 nan 2.927657476267045755e+00 nan -1.641588533840088182e-01 nan 1.443253817880010316e-02 nan 2.589680358994058129e-01 nan
7.564633275546290679e+04 3.493991862412255500e+01 nan 8.357019005004648338e-02 nan 2.919935639751080281e+00 nan -1.871503347466574319e-01 nan 1.284674115671188138e-02 nan 2.615007009619713108e-01 nan
8.497534359086438781e+04 3.463342280224789249e+01 nan 8.434904427169882812e-02 nan 2.921296113227271007e+00 nan -2.079321962144513591e-01 nan 1.177149499871412049e-02 nan 2.560931556696777744e-01 nan
9.545484566618327517e+04 3.429478797408706470e+01 nan 8.505998598102983144e-02 nan 2.917114184298236435e+00 nan -2.335148034091787395e-01 nan 1.182984415447248250e-02 nan 2.546118920585390133e-01 nan
1.072267222010323167e+05 3.416902481175927875e+01 nan 8.492667534527083284e-02 nan 2.901861677052784305e+00 nan -2.781187262495716794e-01 nan 1.274440592976822280e-02 nan 2.666685415723650254e-01 nan
1.204503540258783614e+05 3.402133166745542070e+01 nan 8.512830848418841134e-02 nan 2.896178417230033109e+00 nan -3.098278434454124763e-01 nan 4.686096455996121776e-03 nan 2.602265595685004929e-01 nan
1.353047774579807592e+05 3.360425588628095994e+01 nan 8.569734275201791596e-02 nan 2.879795434613134919e+00 nan -3.478216649262870774e-01 nan 1.004008635316244041e-02 nan 2.706657156207433190e-01 nan
1.519911082952933211e+05 3.344714266382922574e+01 nan 8.555358996830163265e-02 nan 2.861523129072533589e+00 nan -3.827417925363607587e-01 nan 5.693560614122548241e-03 nan 2.692421332024657610e-01 nan
1.707352647470688680e+05 3.284754277380551457e+01 nan 8.630213454914210935e-02 nan 2.834813056073663962e+00 nan -4.323248519283016122e-01 nan 8.463998184162938726e-03 nan 2.792072586881390595e-01 nan
1.917910261672488705e+05 3.227718645856135282e+01 nan 8.680875000200692637e-02 nan 2.801942210049415571e+00 nan -4.783219484515197628e-01 nan 6.708454958597257108e-03 nan 2.812717970728528805e-01 nan
2.154434690031886566e+05 3.171069074964595913e+01 nan 8.706064989626752237e-02 nan 2.760753345323736063e+00 nan -5.279585053290709595e-01 nan 2.205038158417581013e-03 nan 2.918496546115758039e-01 nan
2.420128264794383431e+05 3.107835412689561849e+01 nan 8.720027256221141165e-02 nan 2.710040950650225877e+00 nan -5.739009923596278817e-01 nan 3.847220632364608314e-03 nan 3.051576762392786968e-01 nan
2.718588242732940125e+05 3.028804091652946084e+01 nan 8.793773470378327128e-02 nan 2.663461706815100527e+00 nan -6.360209123435867085e-01 nan 6.036815529066813860e-04 nan 3.021091260172087400e-01 nan
3.053855508833412314e+05 2.922337209651041690e+01 nan 8.863722098258525195e-02 nan 2.590278490374709364e+00 nan -6.920373858496557951e-01 nan -4.837051319828930573e-04 nan 3.155090393412360861e-01 nan
3.430469286314919009e+05 2.791303077314236702e+01 nan 8.981231451299871715e-02 nan 2.506933898808473948e+00 nan -7.537941267096450737e-01 nan -2.851427839556415402e-03 nan 3.252601066113511297e-01 nan
3.853528593710527639e+05 2.648362160886994587e+01 nan 9.051339871385559455e-02 nan 2.397122602070527186e+00 nan -8.176710873080299535e-01 nan -1.570711932509630737e-03 nan 3.311098998604705135e-01 nan
4.328761281083061476e+05 2.492576461599517401e+01 nan 9.100194297465538651e-02 nan 2.268293010184475822e+00 nan -8.857076474621017326e-01 nan -2.716449992909640045e-03 nan 3.247792411740627050e-01 nan
4.862601580065353191e+05 2.327480043080667826e+01 nan 9.181156748667375356e-02 nan 2.136895910491870776e+00 nan -9.451373577427726325e-01 nan -6.235253787170351100e-03 nan 3.157903767912830229e-01 nan
5.462277217684336938e+05 2.162242869128883527e+01 nan 9.234657180475074056e-02 nan 1.996757163733206886e+00 nan -1.002443413300145636e+00 nan -2.303192541488832852e-03 nan 3.231718715660529817e-01 nan
6.135907273413162911e+05 1.994356023750208351e+01 nan 9.293462562185100806e-02 nan 1.853447304239089988e+00 nan -1.069886332218952241e+00 nan -4.395671951342279560e-03 nan 3.211309910258195455e-01 nan
6.892612104349695146e+05 1.827103689634084205e+01 nan 9.380047797678306432e-02 nan 1.713831994008210069e+00 nan -1.126962002817693431e+00 nan -1.281785448227450294e-03 nan 3.243755096266106586e-01 nan
7.742636826811278006e+05 1.666326856724260708e+01 nan 9.410254880254384502e-02 nan 1.568056043558842427e+00 nan -1.177779510355273063e+00 nan -5.286296262058732577e-03 nan 3.251608647599892321e-01 nan
8.697490026177833788e+05 1.517702163617063782e+01 nan 9.457240001063074719e-02 nan 1.435327361145927183e+00 nan -1.231166179016339512e+00 nan -3.841576874061543388e-03 nan 3.321803752292314948e-01 nan
9.770099572992246831e+05 1.372128688195203416e+01 nan 9.520151007825947143e-02 nan 1.306287231378846059e+00 nan -1.282666707976045206e+00 nan -1.179553020931344617e-03 nan 3.460231985187350867e-01 nan
1.097498765493056737e+06 1.228786657902254476e+01 nan 9.538252455251207407e-02 nan 1.172047735671610358e+00 nan -1.337651480324775211e+00 nan -4.343405764196596464e-03 nan 3.281607187981254725e-01 nan
1.232846739442065824e+06 1.085926753314545579e+01 nan 9.560542054410442470e-02 nan 1.038204839307310667e+00 nan -1.392985872304064010e+00 nan -2.730884795733265241e-04 nan 2.982809903766884263e-01 nan
1.384886371393871726e+06 1.007515760940689020e+01 nan 9.527571700462340865e-02 nan 9.599178651708289989e-01 nan -1.417199354539622869e+00 nan 1.822582308361226418e-03 nan 3.540537268777168567e-01 nan
1.555676143930472201e+06 8.911154524471017524e+00 nan 9.579933103062812649e-02 nan 8.536826421548786570e-01 nan -1.464874736904226760e+00 nan -1.281050706721377323e-03 nan 3.250019268707812214e-01 nan
1.747528400007682852e+06 8.049443490660792122e+00 nan 9.532252710529870443e-02 nan 7.672932953210835905e-01 nan -1.505237932547484503e+00 nan 3.689490309216555703e-03 nan 3.479433776775313070e-01 nan
1.963040650040272390e+06 7.119750509157984908e+00 nan 9.538859067521641977e-02 nan 6.791429670277346897e-01 nan -1.545171241941500240e+00 nan -1.076964134847251554e-03 nan 3.340915868858834181e-01 nan
2.205130739903045818e+06 6.289050090134168158e+00 nan 9.464760372472845462e-02 nan 5.952435207359865199e-01 nan -1.588520780717642245e+00 nan 1.438758164739656212e-03 nan 3.239945699393508294e-01 nan
2.477076355991709046e+06 5.697103479482681365e+00 nan 9.433043518686988482e-02 nan 5.374102505242319694e-01 nan -1.631659025174418742e+00 nan 3.437073793471050274e-03 nan 3.563870948053851628e-01 nan
2.782559402207125910e+06 5.040560939994909617e+00 nan 9.375692911967062337e-02 nan 4.725875147744830751e-01 nan -1.670406968371282552e+00 nan 2.401919753668577823e-03 nan 3.196438885379995765e-01 nan
3.125715849688235205e+06 4.524574657575247016e+00 nan 9.262918118475658991e-02 nan 4.191076457404955824e-01 nan -1.715863022582547082e+00 nan 5.993469851772272906e-03 nan 3.455427552320802786e-01 nan
3.511191734215127304e+06 3.977843171758214780e+00 nan 9.142097094236452393e-02 nan 3.636582850185908766e-01 nan -1.759873138634888257e+00 nan 7.264226103587635361e-03 nan 3.494451333503602597e-01 nan
3.944206059437655844e+06 3.527422066619804841e+00 nan 8.961942819604006016e-02 nan 3.161255486165608364e-01 nan -1.804597640606031561e+00 nan 7.972944529176653056e-03 nan 3.429614136323784757e-01 nan
4.430621457583877258e+06 3.112800850559514831e+00 nan 8.766182939614643177e-02 nan 2.728738171059276740e-01 nan -1.857943813514263631e+00 nan 6.105284968778199040e-03 nan 3.413116190329881228e-01 nan
4.977023564332113601e+06 2.763384111027904932e+00 nan 8.604817322046294514e-02 nan 2.377841546604041734e-01 nan -1.903275680414523663e+00 nan 1.319028854236943722e-02 nan 3.532062812573679711e-01 nan
5.590810182512222789e+06 2.416621609825071904e+00 nan 8.328507880320251688e-02 nan 2.012685212118032474e-01 nan -1.964719230952094442e+00 nan 1.581658799015441680e-02 nan 3.807648451287397595e-01 nan
6.280291441834246740e+06 2.120181110439818273e+00 nan 7.995537231785762589e-02 nan 1.695198700665044855e-01 nan -2.023696007917974882e+00 nan 1.485175870177330576e-02 nan 3.523336412976153520e-01 nan
7.054802310718645342e+06 1.840576089127036408e+00 nan 7.781444719188673753e-02 nan 1.432234108900251879e-01 nan -2.086479488060717813e+00 nan 2.033901234533063568e-02 nan 3.886439714312350802e-01 nan
7.924828983539169654e+06 1.587226758943436122e+00 nan 7.422092180626614633e-02 nan 1.178054331643540176e-01 nan -2.159427841726240693e+00 nan 1.992654297490156073e-02 nan 3.645178250414060628e-01 nan
8.902150854450393468e+06 1.401329465198140278e+00 nan 6.995878697192942086e-02 nan 9.803530953328447317e-02 nan -2.220736527501057544e+00 nan 2.014341559993649330e-03 nan 3.611530196255949843e-01 nan
1.000000000000000000e+07 1.172444566696053236e+00 nan 6.682287400708308844e-02 nan 7.834611556061948923e-02 nan -2.321062885070871218e+00 nan -9.580574153716386529e-03 nan 3.012326683528152582e-01 nan
