1.000000000000000000e+00 2.994010250122316563e+01 nan 1.001709747825513253e-01 nan 2.999129252637027676e+00 nan -1.002675146366982517e-03 nan -3.417333503374090937e-03 nan -8.769450040436339855e-02 nan
1.149756995397735793e+00 2.994484959754966980e+01 nan 1.001627550554844842e-01 nan 2.999358635412690877e+00 nan -9.970682444571110636e-04 nan -3.334403835217434383e-03 nan -8.720447352047840106e-02 nan
1.321941148466029059e+00 2.993005126304085906e+01 nan 1.002140983581303740e-01 nan 2.999413101138260984e+00 nan -1.019729784302647602e-03 nan -3.358639429193117313e-03 nan -8.695107880517945198e-02 nan
1.519911082952933645e+00 2.994572677489017920e+01 nan 1.001727265594689470e-01 nan 2.999745099845641860e+00 nan -6.828248719741303319e-04 nan -3.341177441368073896e-03 nan -8.692075215905654961e-02 nan
1.747528400007683835e+00 2.994430588209041844e+01 nan 1.001583654432434134e-01 nan 2.999172731482675491e+00 nan -1.185847078094770524e-03 nan -3.390279190836146747e-03 nan -8.695948769215537666e-02 nan
2.009233002565047332e+00 2.993946888383004890e+01 nan 1.001863511149173325e-01 nan 2.999526141789539579e+00 nan -1.413729367548466342e-03 nan -3.339769917856025803e-03 nan -8.694001215268275240e-02 nan
2.310129700083159765e+00 2.994266570761919155e+01 nan 1.001776871004566583e-01 nan 2.999586996211449197e+00 nan -1.935320420517250284e-03 nan -3.362469251343039572e-03 nan -8.724056741795384318e-02 nan
2.656087782946686460e+00 2.992723444261029542e+01 nan 1.002284575891571050e-01 nan 2.999560548091927625e+00 nan -2.334991482728199230e-03 nan -3.305433210126239741e-03 nan -8.764626712538955977e-02 nan
3.053855508833415389e+00 2.994240729769081355e+01 nan 1.001739391869857915e-01 nan 2.999448887750839177e+00 nan -2.219447572748389774e-03 nan -3.349463062058529762e-03 nan -8.767425437867698568e-02 nan
3.511191734215131088e+00 2.994005052507053222e+01 nan 1.001788092390474838e-01 nan 2.999358610158484151e+00 nan -2.639850170975233112e-03 nan -3.435619360316264238e-03 nan -8.714811003248024157e-02 nan
4.037017258596554470e+00 2.993549510767184074e+01 nan 1.001869648893100456e-01 nan 2.999146397296431399e+00 nan -2.691365654838850929e-03 nan -3.389652234921949458e-03 nan -8.782663681949243184e-02 nan
4.641588833612779297e+00 2.994326945217856561e+01 nan 1.001552103836345353e-01 nan 2.998974451556801313e+00 nan -3.454364261135101088e-03 nan -3.450451716173363447e-03 nan -8.789272635088531127e-02 nan
5.336699231206309513e+00 2.994399522010883175e+01 nan 1.001534086616767405e-01 nan 2.998993190242854823e+00 nan -3.826554475605981054e-03 nan -3.365759969336186257e-03 nan -8.819178534874874686e-02 nan
6.135907273413172547e+00 2.994967232478195029e+01 nan 1.001499783644300423e-01 nan 2.999459035348681635e+00 nan -4.622088029505366791e-03 nan -3.376608323444738567e-03 nan -8.828730950293964264e-02 nan
7.054802310718643277e+00 2.994745298445251436e+01 nan 1.001550403876559636e-01 nan 2.999388363165269578e+00 nan -5.074191693400287306e-03 nan -3.441535150020499836e-03 nan -8.872348238984460733e-02 nan
8.111308307896871739e+00 2.993128405821418525e+01 nan 1.002089579664437735e-01 nan 2.999382786071274065e+00 nan -5.657626633373880054e-03 nan -3.412495146239154665e-03 nan -8.844947782722625829e-02 nan
9.326033468832198636e+00 2.991810209306336787e+01 nan 1.002370766360284188e-01 nan 2.998903092306914875e+00 nan -6.766690613182024805e-03 nan -3.416802830878115475e-03 nan -8.783927878761535468e-02 nan
1.072267222010323096e+01 2.993302851397430331e+01 nan 1.002018928495136407e-01 nan 2.999346115818689817e+00 nan -7.687872272563733844e-03 nan -3.398362098271389114e-03 nan -8.801060357085174757e-02 nan
1.232846739442065953e+01 2.992489147044803133e+01 nan 1.002411994203655926e-01 nan 2.999707013521978549e+00 nan -8.673313294380147198e-03 nan -3.352318933979852623e-03 nan -8.760314638618237060e-02 nan
1.417474162926805548e+01 2.994648119983129320e+01 nan 1.001489534343140697e-01 nan 2.999108751203465761e+00 nan -1.048413832756445174e-02 nan -3.351676566117313232e-03 nan -8.781972312905567124e-02 nan
1.629750834620644184e+01 2.994083779792558531e+01 nan 1.001523235009066926e-01 nan 2.998644473026017998e+00 nan -1.125658494198633619e-02 nan -3.415823371379772978e-03 nan -8.791102610628269420e-02 nan
1.873817422860383886e+01 2.993465574185112743e+01 nan 1.001846232520697266e-01 nan 2.998992207677761090e+00 nan -1.361807655143909557e-02 nan -3.435355424728197670e-03 nan -8.898953840016592121e-02 nan
2.154434690031884614e+01 2.993010198301069735e+01 nan 1.001943057142861832e-01 nan 2.998825788145536908e+00 nan -1.596713027455809453e-02 nan -3.404855139443419519e-03 nan -8.766638164703065284e-02 nan
2.477076355991711409e+01 2.992044810481827355e+01 nan 1.002079174546316453e-01 nan 2.998265793893219566e+00 nan -1.809868940300107809e-02 nan -3.413429542797340871e-03 nan -8.755720257519949978e-02 nan
2.848035868435801987e+01 2.992691271478051007e+01 nan 1.001921862853877021e-01 nan 2.998442813665826545e+00 nan -2.078881947807564856e-02 nan -3.379827509312984327e-03 nan -8.751147971673980952e-02 nan
3.274549162877728037e+01 2.992111225877908609e+01 nan 1.001964196362421511e-01 nan 2.997988319863738482e+00 nan -2.339848487579354597e-02 nan -3.293612118129357440e-03 nan -8.678828372801665469e-02 nan
3.764935806792467332e+01 2.993713757262132447e+01 nan 1.001552374593036865e-01 nan 2.998361122437731119e+00 nan -2.749366216272841612e-02 nan -3.368242050592694121e-03 nan -8.684046376344480012e-02 nan
4.328761281083059487e+01 2.992280878206350181e+01 nan 1.001771720367253815e-01 nan 2.997582363182812681e+00 nan -3.093110535444054676e-02 nan -3.316553640177559263e-03 nan -8.694705902806174058e-02 nan
4.977023564332111505e+01 2.992846063333653817e+01 nan 1.001343975801241293e-01 nan 2.996868376019614644e+00 nan -3.589775679783979712e-02 nan -3.295250679077306542e-03 nan -8.729317829052068989e-02 nan
5.722367659350216940e+01 2.990633657893479480e+01 nan 1.001890677345061431e-01 nan 2.996287981197836903e+00 nan -4.134312134696305208e-02 nan -3.406541414130731353e-03 nan -8.673731273429022282e-02 nan
6.579332246575683030e+01 2.989260740941689676e+01 nan 1.002087465317080817e-01 nan 2.995500719062116790e+00 nan -4.779661282552227775e-02 nan -3.389448173260900619e-03 nan -8.819208994045803218e-02 nan
7.564633275546290747e+01 2.988736320521109135e+01 nan 1.001883867059453342e-01 nan 2.994366702424730686e+00 nan -5.460323977306469345e-02 nan -3.433200150384317813e-03 nan -8.733881669899823397e-02 nan
8.697490026177834466e+01 2.987543043088161454e+01 nan 1.001812273783227597e-01 nan 2.992957289021414002e+00 nan -6.319499630027269887e-02 nan -3.379505728194206852e-03 nan -8.838360407023219956e-02 nan
1.000000000000000000e+02 2.985233239616094991e+01 nan 1.001909996386986523e-01 nan 2.990935024318073676e+00 nan -7.254632881444322834e-02 nan -3.356852212982300212e-03 nan -8.868367696154523527e-02 nan
1.149756995397735579e+02 2.983469108599092223e+01 nan 1.001550512210993699e-01 nan 2.988095013883097728e+00 nan -8.317731173017905988e-02 nan -3.435842260405991624e-03 nan -8.744610789274148699e-02 nan
1.321941148466028721e+02 2.980255646598178743e+01 nan 1.001566546205478608e-01 nan 2.984924354772713340e+00 nan -9.517095855681478866e-02 nan -3.335060154189389055e-03 nan -8.730323832664974026e-02 nan
1.519911082952933157e+02 2.975381040516341713e+01 nan 1.001717843647630668e-01 nan 2.980492279936073352e+00 nan -1.100827060698157389e-01 nan -3.376173040024054491e-03 nan -8.759442979581330557e-02 nan
1.747528400007684866e+02 2.969235363888441626e+01 nan 1.001770811363712071e-01 nan 2.974493319612351083e+00 nan -1.263413786587670451e-01 nan -3.425108642290199817e-03 nan -8.730139105182833925e-02 nan
2.009233002565048025e+02 2.961309460017377404e+01 nan 1.001926881571996997e-01 nan 2.967015552644865384e+00 nan -1.448191361291768509e-01 nan -3.305614756729337300e-03 nan -8.712114840064771881e-02 nan
2.310129700083160458e+02 2.951767711207542177e+01 nan 1.001543276100772678e-01 nan 2.956323103771281158e+00 nan -1.662266822102660413e-01 nan -3.304553368394072630e-03 nan -8.693049569052742342e-02 nan
2.656087782946686957e+02 2.937969757314226982e+01 nan 1.001886102019612923e-01 nan 2.943511068007059084e+00 nan -1.907381028674173251e-01 nan -3.400501360979410210e-03 nan -8.746177994979942305e-02 nan
3.053855508833415797e+02 2.920973395305119169e+01 nan 1.001762116095950284e-01 nan 2.926120489540828817e+00 nan -2.174741092527123776e-01 nan -3.418519131967315185e-03 nan -8.822564717970121650e-02 nan
3.511191734215130964e+02 2.898443009806412363e+01 nan 1.001893724459779755e-01 nan 2.903931862229360394e+00 nan -2.494499432547350182e-01 nan -3.405446547096352070e-03 nan -8.584845717099126583e-02 nan
4.037017258596553688e+02 2.869929639489044249e+01 nan 1.001979403684990083e-01 nan 2.875610388793111039e+00 nan -2.846281085153594681e-01 nan -3.410387868055759619e-03 nan -8.773309277684231133e-02 nan
4.641588833612781855e+02 2.833316173747668643e+01 nan 1.002242025832571631e-01 nan 2.839668541801053880e+00 nan -3.248840727122876970e-01 nan -3.396563994425266103e-03 nan -8.700527901513752105e-02 nan
5.336699231206312106e+02 2.787141441256268237e+01 nan 1.002647600029981378e-01 nan 2.794520677019700639e+00 nan -3.689473612551692483e-01 nan -3.380941204901232854e-03 nan -8.875787627887928022e-02 nan
6.135907273413175744e+02 2.729633910674370156e+01 nan 1.001829643624555372e-01 nan 2.734628167956405509e+00 nan -4.183387627046806223e-01 nan -3.307232789170087579e-03 nan -8.753897643389091376e-02 nan
7.054802310718645231e+02 2.659495860864528538e+01 nan 1.001221993364077856e-01 nan 2.662745747158297593e+00 nan -4.724521197012938600e-01 nan -3.276365119654484504e-03 nan -8.843891568977169104e-02 nan
8.111308307896872520e+02 2.572108663281069596e+01 nan 1.002859671391688329e-01 nan 2.579464048841768165e+00 nan -5.304314776156147104e-01 nan -3.334660969964710689e-03 nan -8.816735071019433934e-02 nan
9.326033468832199560e+02 2.471162570774336231e+01 nan 1.001905134773185685e-01 nan 2.475870468518113210e+00 nan -5.929210074529884800e-01 nan -3.383147470179831678e-03 nan -8.847111080318387222e-02 nan
1.072267222010323167e+03 2.353598361729265065e+01 nan 1.002162292098559837e-01 nan 2.358687528870015537e+00 nan -6.590860755239686952e-01 nan -3.356530575429183833e-03 nan -8.804530645814780121e-02 nan
1.232846739442065882e+03 2.220798875007599094e+01 nan 1.001776604059862325e-01 nan 2.224744355305075416e+00 nan -7.269443246477349518e-01 nan -3.361984967846383052e-03 nan -8.787392895648048208e-02 nan
1.417474162926804865e+03 2.074793939252571207e+01 nan 1.002035181621016013e-01 nan 2.079016521745133517e+00 nan -7.948077910568276394e-01 nan -3.408625580947278327e-03 nan -8.708308179154035378e-02 nan
1.629750834620645037e+03 1.922134144443535320e+01 nan 1.001817171088390246e-01 nan 1.925626991038825730e+00 nan -8.629605853160171591e-01 nan -3.345886851433272583e-03 nan -8.601090563484305174e-02 nan
1.873817422860385022e+03 1.764082671072278075e+01 nan 1.000848025307274625e-01 nan 1.765578657821472053e+00 nan -9.291515372856378185e-01 nan -3.283373612447058366e-03 nan -8.396608989433868020e-02 nan
2.154434690031884656e+03 1.603501724710474363e+01 nan 1.002392062249783389e-01 nan 1.607337400653616744e+00 nan -9.923623667146808103e-01 nan -3.330877198109404198e-03 nan -8.610292727595042495e-02 nan
2.477076355991711353e+03 1.447536768905236393e+01 nan 1.002730130804245084e-01 nan 1.451488733628301997e+00 nan -1.051304258701220906e+00 nan -3.275601989124833635e-03 nan -8.642301843848644582e-02 nan
2.848035868435802058e+03 1.299199161524863300e+01 nan 1.001736139858474123e-01 nan 1.301454752973282725e+00 nan -1.106510264000040600e+00 nan -3.353721682135808388e-03 nan -8.679131174164167462e-02 nan
3.274549162877728577e+03 1.157885724901768043e+01 nan 1.002376969257363637e-01 nan 1.160637983673399765e+00 nan -1.156962534110389074e+00 nan -3.445308312353402482e-03 nan -8.843418287896383234e-02 nan
3.764935806792467247e+03 1.028465733471874621e+01 nan 1.003012780497632983e-01 nan 1.031564274976162432e+00 nan -1.201820917281792855e+00 nan -3.324443229958238925e-03 nan -8.526219815000884994e-02 nan
4.328761281083061476e+03 9.108183017198941300e+00 nan 1.002350027642744529e-01 nan 9.129587499064534262e-01 nan -1.243284947893769976e+00 nan -3.402400271589903647e-03 nan -8.506587332242185329e-02 nan
4.977023564332113892e+03 8.014654101188691371e+00 nan 1.002348789905143644e-01 nan 8.033478839834782281e-01 nan -1.280459784214839525e+00 nan -3.260155319445204054e-03 nan -8.472591215196448311e-02 nan
5.722367659350220492e+03 7.065764854937340189e+00 nan 1.002518211924064012e-01 nan 7.083557948247676261e-01 nan -1.313207644139868568e+00 nan -3.430417937760736526e-03 nan -8.683618780959230510e-02 nan
6.579332246575682802e+03 6.197447374975104673e+00 nan 1.003621790550895537e-01 nan 6.219893231317461524e-01 nan -1.341469190251220800e+00 nan -3.308943253611092584e-03 nan -8.680786741107597571e-02 nan
7.564633275546290861e+03 5.424908695834584904e+00 nan 1.004550897241526519e-01 nan 5.449596897853992150e-01 nan -1.368090493899355442e+00 nan -3.510402523249213629e-03 nan -8.999820541577993604e-02 nan
8.697490026177834807e+03 4.755039137861528431e+00 nan 1.002992090609959169e-01 nan 4.769266645815912198e-01 nan -1.390840706375914504e+00 nan -3.289192924918268521e-03 nan -8.449603664247086476e-02 nan
1.000000000000000000e+04 4.167741458327043347e+00 nan 1.004196784758216027e-01 nan 4.185232572155535569e-01 nan -1.410727990663466880e+00 nan -3.447601753405568625e-03 nan -8.615680444357799728e-02 nan
1.149756995397735591e+04 3.633099162323688791e+00 nan 1.004661722946948860e-01 nan 3.650035664057234008e-01 nan -1.427201783017088887e+00 nan -3.085045122441439167e-03 nan -8.247819831515655620e-02 nan
1.321941148466028790e+04 3.171330522993367040e+00 nan 1.004820271850909441e-01 nan 3.186617198243281712e-01 nan -1.441432961850766414e+00 nan -3.325008957412966138e-03 nan -8.854408764001277243e-02 nan
1.519911082952933066e+04 2.783631759664237482e+00 nan 1.005496203207315864e-01 nan 2.798931165469690230e-01 nan -1.452992430911373312e+00 nan -3.333461130082814115e-03 nan -8.636003098921662957e-02 nan
1.747528400007683013e+04 2.425177216855313400e+00 nan 1.005374006765170219e-01 nan 2.438210135625430430e-01 nan -1.464137128221409956e+00 nan -3.183067869006286129e-03 nan -8.457805014826569323e-02 nan
2.009233002565045899e+04 2.125566516245149806e+00 nan 1.005995071270651964e-01 nan 2.138309439000550816e-01 nan -1.472139629275297068e+00 nan -3.379953054310839890e-03 nan -8.981468999331315706e-02 nan
2.310129700083157877e+04 1.869562066897324737e+00 nan 1.005843355113119758e-01 nan 1.880486581960224002e-01 nan -1.482246153626253671e+00 nan -3.256138240211257570e-03 nan -8.646370870469868852e-02 nan
2.656087782946689549e+04 1.651675521573878536e+00 nan 1.005253064715218858e-01 nan 1.660351879977249034e-01 nan -1.492426939762541815e+00 nan -3.333743715790937062e-03 nan -8.492654854496013705e-02 nan
3.053855508833418571e+04 1.449275842245282497e+00 nan 1.007374366453707010e-01 nan 1.459963333398504037e-01 nan -1.509320252558856268e+00 nan -3.434989222150829687e-03 nan -8.796035915292560459e-02 nan
3.511191734215134784e+04 1.267813051392868040e+00 nan 1.007832464271005007e-01 nan 1.277743151820216472e-01 nan -1.515764874481327240e+00 nan -3.334363999056385707e-03 nan -9.027398368636740944e-02 nan
4.037017258596557804e+04 1.127121612451187582e+00 nan 1.010115793725854111e-01 nan 1.138523342186695819e-01 nan -1.521679567404107036e+00 nan -3.390027210678309751e-03 nan -8.426867709085471281e-02 nan
4.641588833612782037e+04 9.881929962983779792e-01 nan 1.009395664800573217e-01 nan 9.974777264498715934e-02 nan -1.532455270048786788e+00 nan -3.360484973017015872e-03 nan -8.846341888020839428e-02 nan
5.336699231206312834e+04 8.571830823208005379e-01 nan 1.009210033808505685e-01 nan 8.650777674890541835e-02 nan -1.574422222063842858e+00 nan -3.510974684411827598e-03 nan -9.129873534035608251e-02 nan
6.135907273413175426e+04 7.523588133764286257e-01 nan 1.010611445387557816e-01 nan 7.603424278364204203e-02 nan -1.587376484992673475e+00 nan -3.211895501878986054e-03 nan -8.671390708521667379e-02 nan
7.054802310718645458e+04 6.652832125260058627e-01 nan 1.012614289353999247e-01 nan 6.736752874711671168e-02 nan -1.602654452099179672e+00 nan -3.101326205402797805e-03 nan -8.421839859168568643e-02 nan
8.111308307896871702e+04 5.775712115489852749e-01 nan 1.011737513292179924e-01 nan 5.843504613217219423e-02 nan -1.642286642362597249e+00 nan -3.585041167967974781e-03 nan -9.239106429691733291e-02 nan
9.326033468832199287e+04 4.920196715951361544e-01 nan 1.014066608784075785e-01 nan 4.989407198295343904e-02 nan -1.663892450764225650e+00 nan -3.279167703083075199e-03 nan -9.071861658070254353e-02 nan
1.072267222010323167e+05 4.341964464124039025e-01 nan 1.014190380815132853e-01 nan 4.403578593355733650e-02 nan -1.675308494637895329e+00 nan -3.309365946758782793e-03 nan -8.845327328759165775e-02 nan
1.232846739442065882e+05 3.650861938848566357e-01 nan 1.012555414975027102e-01 nan 3.696700025507342058e-02 nan -1.699197425720438304e+00 nan -3.457839917551497333e-03 nan -9.086343413631488286e-02 nan
1.417474162926804856e+05 3.071257512580495286e-01 nan 1.015685494986795362e-01 nan 3.119431706897234091e-02 nan -1.785540230723551502e+00 nan -3.388989383212102045e-03 nan -8.762341086598225692e-02 nan
1.629750834620643582e+05 2.719607635300127502e-01 nan 1.014109985752363885e-01 nan 2.757981260286232472e-02 nan -1.859923864621494616e+00 nan -3.372114216145669779e-03 nan -9.265320077160910106e-02 nan
1.873817422860382940e+05 2.366308829571580064e-01 nan 1.012942249137750161e-01 nan 2.396934187980753403e-02 nan -1.863592230073654044e+00 nan -2.932660374267927542e-03 nan -8.427708076706094675e-02 nan
2.154434690031886566e+05 2.070520910504614343e-01 nan 1.012792462558778361e-01 nan 2.097007971729412251e-02 nan -1.899766189486198797e+00 nan -3.481185156556838162e-03 nan -8.992330950300646275e-02 nan
2.477076355991713936e+05 1.913574190340758818e-01 nan 1.011649897914988078e-01 nan 1.935867134310984700e-02 nan -1.936464159050724554e+00 nan -3.382992475986998978e-03 nan -8.295558669910414740e-02 nan
2.848035868435804732e+05 1.712476512462428602e-01 nan 1.007972508935118389e-01 nan 1.726129246759215696e-02 nan -1.945219445140047299e+00 nan -3.445992288008923286e-03 nan -9.081088474737036842e-02 nan
3.274549162877731724e+05 1.084888026830774510e-01 nan 1.009680194667971764e-01 nan 1.095389954123448216e-02 nan -2.058942459189458951e+00 nan -3.381063595619270608e-03 nan -8.731560297042233187e-02 nan
3.764935806792471558e+05 8.662750516733343231e-02 nan 1.004960194777424626e-01 nan 8.705719446604576889e-03 nan -2.330030560443796972e+00 nan -3.223352471629395335e-03 nan -8.790821313862731690e-02 nan
4.328761281083061476e+05 7.540456199745579347e-02 nan 1.005519055663992301e-01 nan 7.582072397243871074e-03 nan -2.242720170978190986e+00 nan -3.218329096729280643e-03 nan -8.833425418077647806e-02 nan
4.977023564332113601e+05 7.310436582742127487e-02 nan 1.002109897082989476e-01 nan 7.325860851563435229e-03 nan -2.358621900774856783e+00 nan -3.167863179798573528e-03 nan -9.063064194805986462e-02 nan
5.722367659350220347e+05 6.232883376353173799e-02 nan 9.992217351548993154e-02 nan 6.228032542337745558e-03 nan -2.487809326771696306e+00 nan -3.323741412115674768e-03 nan -9.395148227467911561e-02 nan
6.579332246575682657e+05 5.021673488088176235e-02 nan 9.954520952016729374e-02 nan 4.998835395136068047e-03 nan -2.292795101562949078e+00 nan -3.032178005271782967e-03 nan -8.309761859283076868e-02 nan
7.564633275546290679e+05 5.465234787077764833e-02 nan 9.974386113153901889e-02 nan 5.451236196535407669e-03 nan -2.820013286720250534e+00 nan -3.121151467045075751e-03 nan -8.838789614000398809e-02 nan
8.697490026177833788e+05 3.138894094189791789e-02 nan 9.963017817698441303e-02 nan 3.127285778828130507e-03 nan -3.127943003277849243e+00 nan -3.110203521824460131e-03 nan -9.550519806713130000e-02 nan
1.000000000000000000e+06 3.110857380798697294e-02 nan 9.922483143592662758e-02 nan 3.086742992309589491e-03 nan 2.803307795209493136e+00 nan -3.314050814550543577e-03 nan -9.524866825367599155e-02 nan
