1.000000000000000000e+00 2.992699084297837331e+01 nan 9.994062001753620250e-02 nan 2.990922020106387080e+00 nan 5.177284768853596120e-05 nan -2.923946771540855260e-03 nan 1.199644624127171877e+00 nan
1.176811952434998476e+00 2.991418034620605582e+01 nan 9.994741888972158428e-02 nan 2.989845113804933341e+00 nan -4.458365859631996386e-04 nan -2.907523316999051539e-03 nan 1.203043417370677437e+00 nan
1.384886371393873050e+00 2.990270745440701816e+01 nan 9.999638894261403399e-02 nan 2.990162765048088200e+00 nan 2.659388255170647142e-04 nan -2.848344704395479928e-03 nan 1.206141821125587876e+00 nan
1.629750834620644184e+00 2.990250317999313978e+01 nan 1.000200188856596450e-01 nan 2.990848932791411396e+00 nan -5.739467596432845653e-04 nan -2.918208370752906934e-03 nan 1.205876021410315024e+00 nan
1.917910261672488570e+00 2.991221143890409806e+01 nan 9.997107704839715281e-02 nan 2.990355994446628252e+00 nan -2.863965209334295992e-04 nan -2.918096267284408379e-03 nan 1.205190552098202028e+00 nan
2.257019719633920118e+00 2.991225119903987562e+01 nan 9.998197099478449423e-02 nan 2.990685831771112468e+00 nan -6.651677412801149103e-04 nan -2.911189385126300433e-03 nan 1.205109009167069978e+00 nan
2.656087782946686016e+00 2.993304283355070794e+01 nan 9.989572833091323045e-02 nan 2.990183115017970739e+00 nan 4.449066033771487128e-04 nan -2.866811334545824128e-03 nan 1.205343973190436957e+00 nan
3.125715849688236236e+00 2.992765841956941486e+01 nan 9.992347304464892221e-02 nan 2.990475569377304854e+00 nan 6.542009318009078811e-04 nan -2.865730670700197130e-03 nan 1.205206390795731775e+00 nan
3.678379771828633515e+00 2.987716522876753444e+01 nan 1.001024854586603646e-01 nan 2.990778497858695317e+00 nan -2.322701932020443394e-04 nan -2.845585939099973434e-03 nan 1.205698499284798775e+00 nan
4.328761281083058243e+00 2.989920341905007817e+01 nan 1.000062814155478486e-01 nan 2.990108151226232636e+00 nan -5.630139339540818355e-05 nan -2.884554660718849101e-03 nan 1.205244531923547635e+00 nan
5.094138014816379290e+00 2.996278151577978122e+01 nan 9.977883403837316256e-02 nan 2.989651404191025819e+00 nan 1.138813736933474985e-03 nan -2.895413081314421235e-03 nan 1.204978273444664350e+00 nan
5.994842503189410365e+00 2.997248352971356411e+01 nan 9.977220185018795262e-02 nan 2.990420676678015699e+00 nan 9.953128209776451740e-04 nan -2.936161011533728899e-03 nan 1.205977879525465868e+00 nan
7.054802310718641500e+00 2.995650130959100110e+01 nan 9.980235230460185458e-02 nan 2.989729297513068040e+00 nan 2.828415268312234332e-04 nan -3.021458802030707342e-03 nan 1.206217446661686621e+00 nan
8.302175681319743816e+00 2.987643496527258336e+01 nan 1.000600054089424845e-01 nan 2.989436244225093020e+00 nan 9.665676347792029333e-04 nan -2.786597260476439061e-03 nan 1.206349823297107271e+00 nan
9.770099572992251069e+00 2.996148428747039105e+01 nan 9.979391244562930974e-02 nan 2.989973739724918644e+00 nan 7.564810225608731287e-04 nan -3.008774940174262311e-03 nan 1.205468571251842702e+00 nan
1.149756995397735615e+01 2.994015646136513453e+01 nan 9.987581552154628506e-02 nan 2.990297543421536197e+00 nan -4.263000134536731878e-04 nan -2.879550506249057250e-03 nan 1.205491520107879744e+00 nan
1.353047774579806806e+01 2.993758531759167951e+01 nan 9.988957788259539283e-02 nan 2.990452760198418325e+00 nan 1.958125104954078211e-03 nan -2.925200598608084304e-03 nan 1.206273680875008081e+00 nan
1.592282793341092173e+01 2.977801812242753243e+01 nan 1.004332080932841126e-01 nan 2.990701890695349974e+00 nan -7.798015461406571092e-04 nan -2.665259666221274013e-03 nan 1.206190683655409268e+00 nan
1.873817422860383886e+01 2.983640261674317529e+01 nan 1.002563515014002898e-01 nan 2.991288868281503088e+00 nan 1.377769567010744822e-03 nan -2.829817525913442666e-03 nan 1.206837010926290477e+00 nan
2.205130739903045622e+01 2.991064600236818194e+01 nan 1.000058775935339095e-01 nan 2.991240402856356617e+00 nan -2.869479015292775159e-04 nan -2.873395808257301742e-03 nan 1.206100283478608537e+00 nan
2.595024211399735847e+01 2.991907697195122040e+01 nan 9.993391585589318782e-02 nan 2.989930520600964758e+00 nan -3.151396617022239610e-03 nan -2.879028737870688217e-03 nan 1.205942182715761701e+00 nan
3.053855508833415655e+01 2.961384312223852788e+01 nan 1.010176729295142323e-01 nan 2.991521518708236016e+00 nan 4.726154302570506616e-03 nan -2.606740734611485109e-03 nan 1.205376254528961688e+00 nan
3.593813663804627367e+01 3.034652637314377088e+01 nan 9.847426372238053671e-02 nan 2.988351841127135700e+00 nan -7.260911984471096758e-03 nan -3.138110377772740118e-03 nan 1.205851519256755822e+00 nan
4.229242874389498752e+01 2.913154763720168816e+01 nan 1.027536201413587619e-01 nan 2.993371980042919489e+00 nan -1.451599188903518467e-02 nan -2.394578012608256957e-03 nan 1.206413945756060313e+00 nan
4.977023564332108663e+01 3.248500905944357697e+01 nan 9.174641005474391819e-02 nan 2.980382961799781238e+00 nan 4.313559502192498840e-02 nan -3.007109117464462633e-03 nan 1.204752012858602228e+00 nan
5.857020818056664524e+01 2.932980640967187114e+01 nan 1.020404803357209400e-01 nan 2.992827534196624395e+00 nan -3.890718295783379688e-02 nan -3.600684822311943627e-03 nan 1.203742917968632309e+00 nan
6.892612104349694846e+01 2.998794627024872028e+01 nan 9.971232731828848228e-02 nan 2.990167914102288549e+00 nan 9.968358120151954438e-03 nan -2.760672371875116677e-03 nan 1.204435655137218175e+00 nan
8.111308307896868541e+01 2.976223600215594445e+01 nan 1.005462759198931799e-01 nan 2.992481993065750245e+00 nan -1.547878584362871734e-02 nan -3.869700220171403901e-03 nan 1.204212128108205659e+00 nan
9.545484566618337396e+01 3.012617738517747057e+01 nan 9.920438314378692002e-02 nan 2.988648843976834613e+00 nan -4.209572420057483555e-04 nan -2.831588298363162635e-03 nan 1.205158726507610245e+00 nan
1.123324032978027702e+02 2.986216701165698950e+01 nan 1.001487516159481755e-01 nan 2.990658746764397247e+00 nan 2.776240227531978633e-03 nan -3.970436202813692854e-03 nan 1.203985729381563896e+00 nan
1.321941148466028721e+02 2.944669059490949437e+01 nan 1.016119553960313365e-01 nan 2.992135811290678848e+00 nan 1.731223319921504356e-02 nan -2.005861684182526448e-03 nan 1.206108677650771233e+00 nan
1.555676143930472222e+02 2.938859056083677501e+01 nan 1.017930609272359177e-01 nan 2.991554589524848318e+00 nan 7.739195346846639012e-03 nan -2.515925919752497707e-03 nan 1.206816243378536324e+00 nan
1.830738280295367701e+02 2.977995713101765318e+01 nan 1.004425341362985141e-01 nan 2.991174360709746960e+00 nan -3.323606333841322424e-03 nan -3.489871676708745755e-03 nan 1.203100690486921698e+00 nan
2.154434690031882269e+02 3.027137581981799030e+01 nan 9.873331261310946960e-02 nan 2.988793212047012648e+00 nan 1.763226754704749766e-03 nan -3.225759352194886454e-03 nan 1.204401026968753063e+00 nan
2.535364493970111539e+02 3.052491187654158011e+01 nan 9.790219009267490946e-02 nan 2.988455725099323779e+00 nan 9.005736466266789364e-03 nan -3.262193635452395601e-03 nan 1.203149656075956697e+00 nan
2.983647240283337396e+02 2.995071861121189372e+01 nan 9.985868558335261880e-02 nan 2.990839392792476126e+00 nan 3.047309688330113175e-03 nan -3.435803969870635920e-03 nan 1.204336602668372835e+00 nan
3.511191734215130964e+02 2.937046962323199750e+01 nan 1.018977585281421044e-01 nan 2.992785021526227052e+00 nan 2.193456537120841432e-02 nan -4.872695715890737120e-03 nan 1.201838006176377815e+00 nan
4.132012400115334572e+02 2.992089119875376468e+01 nan 9.993686021148118215e-02 nan 2.990199921132792760e+00 nan 3.393916450997735978e-03 nan -7.615311635399542485e-03 nan 1.198521628349945356e+00 nan
4.862601580065353346e+02 3.001490689572646176e+01 nan 9.961939190110759290e-02 nan 2.990066772920631166e+00 nan -7.604826700942091122e-04 nan 1.069177523017309270e-04 nan 1.209670955723452845e+00 nan
5.722367659350214808e+02 3.014349203172312386e+01 nan 9.916741099104299517e-02 nan 2.989252063015116700e+00 nan 1.728793676640894006e-02 nan 3.788243571916956667e-03 nan 1.214245791168842903e+00 nan
6.734150657750820983e+02 2.952791627811667396e+01 nan 1.013842301133145302e-01 nan 2.993665058707266624e+00 nan 3.650882599000659923e-02 nan 1.704018746405498242e-03 nan 1.210483707877970883e+00 nan
7.924828983539169940e+02 3.038562641368925910e+01 nan 9.841850757443006137e-02 nan 2.990508003349478638e+00 nan 1.965701370930794667e-02 nan 2.620128444562845518e-03 nan 1.212914653816743238e+00 nan
9.326033468832199560e+02 2.999894644695960721e+01 nan 9.975213290739404215e-02 nan 2.992458893058910885e+00 nan 4.209164861486103248e-02 nan -7.414649644042291656e-04 nan 1.205538675282096461e+00 nan
1.097498765493055544e+03 3.032322471221207749e+01 nan 9.869055288917602531e-02 nan 2.992615812230935646e+00 nan 2.264343713992822416e-02 nan -2.533133023604488068e-03 nan 1.204168905185342142e+00 nan
1.291549665014884113e+03 3.023931323700196927e+01 nan 9.899582346908702979e-02 nan 2.993565715036673680e+00 nan 4.332345811645410549e-02 nan 1.736869546944792234e-03 nan 1.209997679429868356e+00 nan
1.519911082952933157e+03 3.032177427327472685e+01 nan 9.879635497204572459e-02 nan 2.995680774484693831e+00 nan 4.575789336286817388e-02 nan -5.257330741375611238e-03 nan 1.202627595002496053e+00 nan
1.788649529057435075e+03 3.066925076566096564e+01 nan 9.769323944042539176e-02 nan 2.996178458508166553e+00 nan 4.925534613908055803e-02 nan 6.630110796899488061e-03 nan 1.217024880142532961e+00 nan
2.104904144512019684e+03 3.092845156306150045e+01 nan 9.694615399104938858e-02 nan 2.998394427937272511e+00 nan 5.791767619907517428e-02 nan -1.946211343345090198e-03 nan 1.205668048204665332e+00 nan
2.477076355991709079e+03 3.123799476419601362e+01 nan 9.609545008647295272e-02 nan 3.001829166664301329e+00 nan 6.619211028606475367e-02 nan 2.694693632020063196e-03 nan 1.210059347872324054e+00 nan
2.915053062825175857e+03 3.158756406483439250e+01 nan 9.508178875035988575e-02 nan 3.003402093551042817e+00 nan 6.740774580366393209e-02 nan -1.194971546867929163e-03 nan 1.209397196397290930e+00 nan
3.430469286314915735e+03 3.224483640502061377e+01 nan 9.333117388252029634e-02 nan 3.009448433330399464e+00 nan 7.534983011680518317e-02 nan 1.799115334911147862e-03 nan 1.209718841514107579e+00 nan
4.037017258596553802e+03 3.241676890290536761e+01 nan 9.303266298278602131e-02 nan 3.015818336334853189e+00 nan 7.080675273784509116e-02 nan -8.846890052330526246e-04 nan 1.210026923779123242e+00 nan
4.750810162102793583e+03 3.293426591519989444e+01 nan 9.168538700123529672e-02 nan 3.019590916036695383e+00 nan 6.470861914021153183e-02 nan 6.217502432482721261e-03 nan 1.216524512780295275e+00 nan
5.590810182512223037e+03 3.375829259801120230e+01 nan 8.958602057641681937e-02 nan 3.024271095310131052e+00 nan 4.933406742358981134e-02 nan 6.394120910289106778e-03 nan 1.217106051637825148e+00 nan
6.579332246575675526e+03 3.463639582688892204e+01 nan 8.738761788103706352e-02 nan 3.026792123296516035e+00 nan 4.394999268082777633e-02 nan 8.491317749711443930e-03 nan 1.218874385566754093e+00 nan
7.742636826811270112e+03 3.508940618369198461e+01 nan 8.621201729885739906e-02 nan 3.025128492915087453e+00 nan 3.303295085501822825e-02 nan 9.281379812930663081e-03 nan 1.221536052630355584e+00 nan
9.111627561154886280e+03 3.561057686304028636e+01 nan 8.493581550844968298e-02 nan 3.024613386588656638e+00 nan 1.200772453442899845e-02 nan 9.218312120088801090e-03 nan 1.221884028691816670e+00 nan
1.072267222010323167e+04 3.577078747487595933e+01 nan 8.442242298840195447e-02 nan 3.019856550832208608e+00 nan -1.612919842538707016e-02 nan 1.069457460336617656e-02 nan 1.226664360037666990e+00 nan
1.261856883066020964e+04 3.589785820579784570e+01 nan 8.397235487985506286e-02 nan 3.014427688683973816e+00 nan -4.016064692256327007e-02 nan 9.854217141990712775e-03 nan 1.221697468057840297e+00 nan
1.484968262254463480e+04 3.617361212185896591e+01 nan 8.312110860278010271e-02 nan 3.006790741735881678e+00 nan -6.630874077765325225e-02 nan 1.151297728866108525e-02 nan 1.224623170495948488e+00 nan
1.747528400007683013e+04 3.627518606326923134e+01 nan 8.260241290737106723e-02 nan 2.996417897489877191e+00 nan -1.025120847860172546e-01 nan 1.008540991977994496e-02 nan 1.218509858582469629e+00 nan
2.056512308348651641e+04 3.606929324012617855e+01 nan 8.280459995157421482e-02 nan 2.986703397284668160e+00 nan -1.360915434881002639e-01 nan 1.193161020202973543e-02 nan 1.220410291112201007e+00 nan
2.420128264794383358e+04 3.607677152854176228e+01 nan 8.240276177606707664e-02 nan 2.972825609916025957e+00 nan -1.708743738851628002e-01 nan 1.263427221182678202e-02 nan 1.230490234821150608e+00 nan
2.848035868435799057e+04 3.589290359021723020e+01 nan 8.226943758229902925e-02 nan 2.952888991562852894e+00 nan -2.138662633451766659e-01 nan 1.103917235699841855e-02 nan 1.226756484367626188e+00 nan
3.351602650938840816e+04 3.540429950779802937e+01 nan 8.283417118466326889e-02 nan 2.932685806102031556e+00 nan -2.583334962793708556e-01 nan 1.028550184038262184e-02 nan 1.225750605832480078e+00 nan
3.944206059437656222e+04 3.505807993438322256e+01 nan 8.282072471951289205e-02 nan 2.903535587440231325e+00 nan -3.107804094664285977e-01 nan 1.280292458709857660e-02 nan 1.232749549143955958e+00 nan
4.641588833612772578e+04 3.431712543709135588e+01 nan 8.342964370859203005e-02 nan 2.863065548319592590e+00 nan -3.632081657536110342e-01 nan 1.178325478534597917e-02 nan 1.223555267249517353e+00 nan
5.462277217684336938e+04 3.354544914253295929e+01 nan 8.389207669282928992e-02 nan 2.814197392160779465e+00 nan -4.323932436449493544e-01 nan 9.933017774931147612e-03 nan 1.225740774330476013e+00 nan
6.428073117284318869e+04 3.226443875268968497e+01 nan 8.500941886415348814e-02 nan 2.742781188344223242e+00 nan -5.038198157209117234e-01 nan 9.678466314937569231e-03 nan 1.225421703617624036e+00 nan
7.564633275546290679e+04 3.099814012463804502e+01 nan 8.589582770377474086e-02 nan 2.662610903283376018e+00 nan -5.768297492552783012e-01 nan 1.071470598708452321e-02 nan 1.220826221261939626e+00 nan
8.902150854450374027e+04 2.918322220427193159e+01 nan 8.757025948000403404e-02 nan 2.555582340890708348e+00 nan -6.565603405474256249e-01 nan 9.845875710945233700e-03 nan 1.225758090124859034e+00 nan
1.047615752789664111e+05 2.725512286505926340e+01 nan 8.894969036821723241e-02 nan 2.424334739794739235e+00 nan -7.400996541764595094e-01 nan 4.935706206853921786e-03 nan 1.218812441827095805e+00 nan
1.232846739442065882e+05 2.521450282292610723e+01 nan 8.998094481606480621e-02 nan 2.268824787074224414e+00 nan -8.193480563219175394e-01 nan 4.787101311322111523e-03 nan 1.221632182803913391e+00 nan
1.450828778495940205e+05 2.287379527134795509e+01 nan 9.187585205977473468e-02 nan 2.101549430395939666e+00 nan -9.013194195238463102e-01 nan 4.351555819284332223e-03 nan 1.206171247016889714e+00 nan
1.707352647470688680e+05 2.064221057087176447e+01 nan 9.252540545667352345e-02 nan 1.909928902591942368e+00 nan -9.823884959682223084e-01 nan 3.211641592399938020e-03 nan 1.211068989545145413e+00 nan
2.009233002565045899e+05 1.840808922815647009e+01 nan 9.378906067249116740e-02 nan 1.726477397484198262e+00 nan -1.061172997072254098e+00 nan 1.984723501193785562e-03 nan 1.213319006697520352e+00 nan
2.364489412645407137e+05 1.605428355930732920e+01 nan 9.554533767209513750e-02 nan 1.533911943757584329e+00 nan -1.130098398932737780e+00 nan 2.286335498370366693e-03 nan 1.212088262968793018e+00 nan
2.782559402207125677e+05 1.408900769180357315e+01 nan 9.545346474875447684e-02 nan 1.344844599054503043e+00 nan -1.192195450707280946e+00 nan 1.898643635051726255e-03 nan 1.209675156476686997e+00 nan
3.274549162877724739e+05 1.220571742686477457e+01 nan 9.634731166296829630e-02 nan 1.175988060996263851e+00 nan -1.253648162452998038e+00 nan 8.612294586304465854e-04 nan 1.205746519804762773e+00 nan
3.853528593710527639e+05 1.052130959462857973e+01 nan 9.664517319201121337e-02 nan 1.016833787979648296e+00 nan -1.300173424132478273e+00 nan -1.908641476212912620e-03 nan 1.219219238579409392e+00 nan
4.534878508128582034e+05 9.089705329811421208e+00 nan 9.704990657120839137e-02 nan 8.821550530180134464e-01 nan -1.344388290204337810e+00 nan -1.220309722458032568e-03 nan 1.223254502132294697e+00 nan
5.336699231206302065e+05 7.756185637314882975e+00 nan 9.707767451554991101e-02 nan 7.529524647814372917e-01 nan -1.381828973164954233e+00 nan -1.137095180035428265e-03 nan 1.213631802665719128e+00 nan
6.280291441834246507e+05 6.623249741040606153e+00 nan 9.729900341704254829e-02 nan 6.444355991854361365e-01 nan -1.415873663441486574e+00 nan -1.400660881092143876e-03 nan 1.215504746454000085e+00 nan
7.390722033525775187e+05 5.683866044714023680e+00 nan 9.694642157672739291e-02 nan 5.510304737564918343e-01 nan -1.450606108633551772e+00 nan -1.072690258571417157e-03 nan 1.216660661824291001e+00 nan
8.697490026177833788e+05 4.802996004333370372e+00 nan 9.693321729300963252e-02 nan 4.655698553455036581e-01 nan -1.483466896515178046e+00 nan -1.718841991704122716e-03 nan 1.190670264458340233e+00 nan
1.023531021899024723e+06 4.098492203440337711e+00 nan 9.694039922598059189e-02 nan 3.973094704260752286e-01 nan -1.507036913274721668e+00 nan -7.473521504079627328e-04 nan 1.210446710365240985e+00 nan
1.204503540258781053e+06 3.478027292210997157e+00 nan 9.643339029956364550e-02 nan 3.353979633423175843e-01 nan -1.536011676379544610e+00 nan 1.185593089626066934e-04 nan 1.212697508360828458e+00 nan
1.417474162926804740e+06 2.940294675481283093e+00 nan 9.650388100585059747e-02 nan 2.837498474847818253e-01 nan -1.565359623598310046e+00 nan 2.426767058129454893e-04 nan 1.214507967763478469e+00 nan
1.668100537200059043e+06 2.500110723100985144e+00 nan 9.570893283381635974e-02 nan 2.392829292743762493e-01 nan -1.583207411352540284e+00 nan 2.972623769051002326e-03 nan 1.191748446566567532e+00 nan
1.963040650040268432e+06 2.109346351905319494e+00 nan 9.532733021889178149e-02 nan 2.010783562340930919e-01 nan -1.605602032241574939e+00 nan 1.432251582735245311e-03 nan 1.199946022594734263e+00 nan
2.310129700083157979e+06 1.782523455145914371e+00 nan 9.458429773859688972e-02 nan 1.685987292075536159e-01 nan -1.633770810344887359e+00 nan 2.969733531870718483e-03 nan 1.215806861829280106e+00 nan
2.718588242732940242e+06 1.541157402063950688e+00 nan 9.365554930689512503e-02 nan 1.443379430586867185e-01 nan -1.660216483516754771e+00 nan 2.459787318240005266e-03 nan 1.225132124915659926e+00 nan
3.199267137797384523e+06 1.306621995359765753e+00 nan 9.180958899010312202e-02 nan 1.199604283594085247e-01 nan -1.681400119080386446e+00 nan 5.203947976668298753e-03 nan 1.225121137256312220e+00 nan
3.764935806792463642e+06 1.112884663370047766e+00 nan 9.046423998336705630e-02 nan 1.006762652609166642e-01 nan -1.695061956783722401e+00 nan 9.581202943430018604e-03 nan 1.216439585218767494e+00 nan
4.430621457583877258e+06 9.139613714052753357e-01 nan 8.788660396056027779e-02 nan 8.032496108394597545e-02 nan -1.756944610472892521e+00 nan 1.004768340518768545e-02 nan 1.219684436718540654e+00 nan
5.214008287999684922e+06 7.768924198772169110e-01 nan 8.530387270383940623e-02 nan 6.627193208978386652e-02 nan -1.782280545978262687e+00 nan 1.415906386834513662e-02 nan 1.234168796488842812e+00 nan
6.135907273413163610e+06 6.480539325169768494e-01 nan 8.080617473264231632e-02 nan 5.236675930714282390e-02 nan -1.818652862945703497e+00 nan 1.644502321608354301e-02 nan 1.212579938719003492e+00 nan
7.220809018385455944e+06 5.558234030656763469e-01 nan 7.685870126070216968e-02 nan 4.271986488993166631e-02 nan -1.850518307533076667e+00 nan 3.036458032925943348e-03 nan 1.206617543656639313e+00 nan
8.497534359086439013e+06 4.595751344711223596e-01 nan 7.172497495615236252e-02 nan 3.296301501041160736e-02 nan -2.028304167797980728e+00 nan 4.080249738850590720e-04 nan 1.183391495702891483e+00 nan
1.000000000000000000e+07 4.099316278239923395e-01 nan 6.598718163720128371e-02 nan 2.705023278405537662e-02 nan -2.128637173157998497e+00 nan -8.107492479824401563e-03 nan 1.183453041974599662e+00 nan
