1.000000000000000000e+00 6.706756667797866278e+00 nan 1.001617774816580403e-01 nan 6.717606689835962097e-01 nan -7.990111689828438557e-04 nan -3.085699044706532654e-03 nan 3.888890524182253117e+00 nan
1.176811952434998476e+00 6.695178352161645030e+00 nan 1.002000627339175998e-01 nan 6.708572909013639229e-01 nan 1.522786029013012410e-03 nan -3.068463756414578116e-03 nan 3.901361483609091074e+00 nan
1.384886371393873050e+00 6.704190192067421172e+00 nan 1.001483709973226138e-01 nan 6.714137265917796693e-01 nan 5.205021507137530534e-06 nan -3.068876189004776135e-03 nan 3.905220468209559925e+00 nan
1.629750834620644184e+00 6.704626900070898010e+00 nan 1.001256988607255594e-01 nan 6.713054539700186174e-01 nan 7.137031592066023222e-04 nan -3.013906436876084578e-03 nan 3.905217975786420936e+00 nan
1.917910261672488570e+00 6.701868874340883409e+00 nan 1.001243245456844011e-01 nan 6.710200942371271626e-01 nan -1.622772573450781408e-04 nan -3.001968227897115066e-03 nan 3.905400533138670305e+00 nan
2.257019719633920118e+00 6.705521060804347400e+00 nan 1.001951788618977157e-01 nan 6.718608820495136635e-01 nan -3.516387465332115880e-04 nan -3.067546133109567193e-03 nan 3.905311683276233126e+00 nan
2.656087782946686016e+00 6.704747459495756345e+00 nan 1.001662920423702363e-01 nan 6.715896920981918594e-01 nan 7.236837777124804916e-05 nan -2.997816437064448371e-03 nan 3.905453098295739167e+00 nan
3.125715849688236236e+00 6.700472015457878960e+00 nan 1.001748294144153562e-01 nan 6.712186411445568712e-01 nan 1.860183769637480111e-04 nan -3.042677935405905653e-03 nan 3.905284632593344352e+00 nan
3.678379771828633515e+00 6.701999361038560643e+00 nan 1.001592750059923931e-01 nan 6.712673970922464761e-01 nan -6.216455413028398880e-04 nan -3.091369339574543025e-03 nan 3.904877534812521755e+00 nan
4.328761281083058243e+00 6.705565817566206732e+00 nan 1.001530913290178820e-01 nan 6.715831457394487725e-01 nan 2.795629803387100765e-04 nan -3.035876073778246385e-03 nan 3.904675542241689445e+00 nan
5.094138014816379290e+00 6.701228783581070658e+00 nan 1.001576823697217095e-01 nan 6.711795439927494833e-01 nan -5.288389418525163421e-04 nan -3.067224940346206623e-03 nan 3.904813202013266871e+00 nan
5.994842503189410365e+00 6.704968474467364992e+00 nan 1.001636720737992675e-01 nan 6.715942635417112561e-01 nan 3.305314803272452195e-04 nan -3.038701243735683968e-03 nan 3.904316749126188757e+00 nan
7.054802310718641500e+00 6.701517396369177426e+00 nan 1.002096835782527590e-01 nan 6.715569377843115806e-01 nan 1.982552062536058202e-04 nan -3.069094982525924845e-03 nan 3.904588685967249173e+00 nan
8.302175681319743816e+00 6.700912657561238106e+00 nan 1.001587398517219812e-01 nan 6.711549676377870366e-01 nan 8.687829078235509428e-05 nan -3.069069886911750429e-03 nan 3.904364660605015747e+00 nan
9.770099572992251069e+00 6.706396536304709777e+00 nan 1.001674900617234854e-01 nan 6.717629084002788575e-01 nan -3.668345718828014412e-04 nan -3.076364852932701732e-03 nan 3.904669292798224500e+00 nan
1.149756995397735615e+01 6.698730101277811322e+00 nan 1.001959535024961184e-01 nan 6.711856497534026689e-01 nan -3.081038540577729634e-04 nan -3.032650441181879240e-03 nan 3.904903585886227102e+00 nan
1.353047774579806806e+01 6.704098718063379536e+00 nan 1.001569454440648654e-01 nan 6.714620495566990810e-01 nan 1.189806136006055226e-04 nan -3.078887912817252111e-03 nan 3.904798997384272052e+00 nan
1.592282793341092173e+01 6.704726181552053355e+00 nan 1.001551507811043601e-01 nan 6.715128616593639688e-01 nan -7.610691073982600585e-04 nan -3.020563860249610242e-03 nan 3.904828599311387372e+00 nan
1.873817422860383886e+01 6.705079533430054362e+00 nan 1.001646006036790854e-01 nan 6.716116134819243300e-01 nan -4.511195092296027553e-04 nan -3.031792040344928954e-03 nan 3.904615036147318197e+00 nan
2.205130739903045622e+01 6.704246463679635504e+00 nan 1.001624068522400657e-01 nan 6.715134619327713938e-01 nan -1.447120983812943962e-03 nan -3.056202222965691967e-03 nan 3.905395090007692804e+00 nan
2.595024211399735847e+01 6.703695024557927873e+00 nan 1.001333553054275655e-01 nan 6.712634757532859320e-01 nan -2.791579880869754504e-04 nan -3.064086564305059431e-03 nan 3.904142469297820828e+00 nan
3.053855508833415655e+01 6.703718043009259553e+00 nan 1.001598276584198671e-01 nan 6.714432438584471141e-01 nan -6.517647368564638555e-04 nan -3.036667688814517416e-03 nan 3.903772478770352716e+00 nan
3.593813663804627367e+01 6.713605936404521302e+00 nan 1.001327820547637387e-01 nan 6.722520400315619149e-01 nan -7.561917930809514132e-05 nan -3.094190303700021863e-03 nan 3.906975394047831340e+00 nan
4.229242874389498752e+01 6.704153791079202840e+00 nan 1.001762814631120546e-01 nan 6.715971971471399460e-01 nan -5.193712900131153276e-04 nan -3.034264840880119066e-03 nan 3.904374543315597190e+00 nan
4.977023564332108663e+01 6.704837483875745185e+00 nan 1.001459267118550711e-01 nan 6.714621632751190949e-01 nan -7.406099146827216373e-04 nan -3.157898266535091869e-03 nan 3.903510591947303876e+00 nan
5.857020818056664524e+01 6.706347525601884740e+00 nan 1.001948911247581842e-01 nan 6.719417601724723133e-01 nan -1.277716870238698732e-03 nan -3.041428365839801261e-03 nan 3.904017933185302880e+00 nan
6.892612104349694846e+01 6.702750115597486236e+00 nan 1.001545019764558259e-01 nan 6.713105997002979386e-01 nan -7.609276400533104834e-04 nan -3.048602042728464946e-03 nan 3.903644588005612981e+00 nan
8.111308307896868541e+01 6.707977005360967304e+00 nan 1.001586465675524118e-01 nan 6.718618980632177218e-01 nan -1.000267271154431370e-03 nan -3.050369784523696264e-03 nan 3.904240067298952344e+00 nan
9.545484566618337396e+01 6.706931155167715985e+00 nan 1.001274011896181870e-01 nan 6.715475865246272047e-01 nan -2.557326477717669633e-03 nan -3.048246277887082818e-03 nan 3.902917898219375292e+00 nan
1.123324032978027702e+02 6.703936105294668657e+00 nan 1.001458652533281646e-01 nan 6.713714818677615215e-01 nan -1.463242586617674590e-03 nan -3.089450152260338114e-03 nan 3.902866385066330768e+00 nan
1.321941148466028721e+02 6.701165146618205171e+00 nan 1.001742764974159067e-01 nan 6.712843702521786859e-01 nan -1.400726622219128359e-03 nan -3.047298665119331073e-03 nan 3.903452794739676879e+00 nan
1.555676143930472222e+02 6.698656925619612679e+00 nan 1.002032792021235047e-01 nan 6.712273901971003154e-01 nan -1.969912858214240003e-03 nan -3.001147404931644221e-03 nan 3.904072345284833823e+00 nan
1.830738280295367701e+02 6.705027157500655477e+00 nan 1.001959865345431050e-01 nan 6.718168107866815397e-01 nan -2.015246448328067430e-03 nan -3.014558565914374905e-03 nan 3.903670805049323178e+00 nan
2.154434690031882269e+02 6.704670204942081213e+00 nan 1.001430425048647488e-01 nan 6.714260733146151239e-01 nan -2.775680092212962080e-03 nan -3.023709358322739394e-03 nan 3.904359029791006908e+00 nan
2.535364493970111539e+02 6.703365043127062606e+00 nan 1.001834262394034059e-01 nan 6.715660773539152695e-01 nan -3.185609402596156770e-03 nan -3.029223747006345394e-03 nan 3.904109198250227841e+00 nan
2.983647240283337396e+02 6.706525684974557144e+00 nan 1.001489479456904585e-01 nan 6.716514917209529534e-01 nan -3.963158526484988897e-03 nan -3.025776008978471165e-03 nan 3.903851293682401469e+00 nan
3.511191734215130964e+02 6.705103793338649254e+00 nan 1.001219540984557010e-01 nan 6.713280942220334335e-01 nan -5.645062489765706459e-03 nan -3.025172033372537823e-03 nan 3.904389325864584315e+00 nan
4.132012400115334572e+02 6.706656484211876545e+00 nan 1.002049316565116061e-01 nan 6.720400546441515077e-01 nan -6.560895743916717038e-03 nan -3.026127864655399780e-03 nan 3.903616619791957731e+00 nan
4.862601580065353346e+02 6.698166730343650954e+00 nan 1.002270903480118880e-01 nan 6.713377620482005037e-01 nan -7.010242093810514774e-03 nan -2.960695552453216587e-03 nan 3.903900952113416256e+00 nan
5.722367659350214808e+02 6.705026593368117460e+00 nan 1.001924586552286889e-01 nan 6.717930997382439706e-01 nan -8.323720997634787011e-03 nan -2.995341541218326988e-03 nan 3.903574408713601507e+00 nan
6.734150657750820983e+02 6.709249651961949112e+00 nan 1.001324648096273556e-01 nan 6.718137046740844109e-01 nan -1.053816010248587176e-02 nan -2.961520082522291989e-03 nan 3.903845499254964047e+00 nan
7.924828983539169940e+02 6.708196931803573015e+00 nan 1.001424358144484689e-01 nan 6.717751806738194720e-01 nan -1.126483174631331963e-02 nan -2.948220303974821103e-03 nan 3.903095209882131655e+00 nan
9.326033468832199560e+02 6.715120753439176582e+00 nan 1.001538835673886768e-01 nan 6.725454220809026218e-01 nan -1.429223176834693021e-02 nan -2.942257331188192961e-03 nan 3.903321704054480534e+00 nan
1.097498765493055544e+03 6.708916437488187334e+00 nan 1.000875482767917962e-01 nan 6.714789978220609967e-01 nan -1.770278171794537059e-02 nan -3.008395667413971391e-03 nan 3.903624283851970134e+00 nan
1.291549665014884113e+03 6.715455646810663204e+00 nan 1.002135113358570140e-01 nan 6.729793905871054305e-01 nan -1.837778726158312281e-02 nan -2.868083710042020409e-03 nan 3.903021177628264393e+00 nan
1.519911082952933157e+03 6.721395031479621807e+00 nan 1.001864974287969001e-01 nan 6.733930260392614331e-01 nan -2.221031492880198854e-02 nan -2.975427406371608779e-03 nan 3.903870176658332802e+00 nan
1.788649529057435075e+03 6.730740370459717070e+00 nan 1.002169717157586903e-01 nan 6.745344173324766546e-01 nan -2.768600399836484982e-02 nan -2.896771431823792244e-03 nan 3.902642580587639465e+00 nan
2.104904144512019684e+03 6.739004186624966586e+00 nan 1.001218780624772986e-01 nan 6.747217554357889391e-01 nan -3.163956614255392097e-02 nan -3.045054532443847856e-03 nan 3.902705957685125515e+00 nan
2.477076355991709079e+03 6.733305282908183642e+00 nan 1.001998007634453958e-01 nan 6.746758478268543024e-01 nan -4.023831726830273681e-02 nan -2.956178169071588605e-03 nan 3.904253355400781000e+00 nan
2.915053062825175857e+03 6.755726235553670023e+00 nan 1.002299489876547628e-01 nan 6.771260959641053345e-01 nan -4.785417876048159158e-02 nan -2.803386263648452188e-03 nan 3.904406772732746944e+00 nan
3.430469286314915735e+03 6.764296069514961651e+00 nan 1.002862991363981243e-01 nan 6.783662190745395337e-01 nan -5.713100847159235940e-02 nan -3.053729898742858599e-03 nan 3.904551465342867012e+00 nan
4.037017258596553802e+03 6.773406816353364057e+00 nan 1.002443857344954697e-01 nan 6.789960056351875828e-01 nan -7.005828630729382667e-02 nan -2.953459013849619660e-03 nan 3.905434467017861344e+00 nan
4.750810162102793583e+03 6.774746514372925077e+00 nan 1.003519156329781142e-01 nan 6.798587906451643015e-01 nan -8.230601853282593083e-02 nan -3.008574631695771617e-03 nan 3.902580447998297508e+00 nan
5.590810182512223037e+03 6.779813815614492256e+00 nan 1.003512602458663111e-01 nan 6.803628606292497771e-01 nan -1.036668596743322013e-01 nan -2.976901592484333843e-03 nan 3.903768152241284817e+00 nan
6.579332246575675526e+03 6.797889735706439396e+00 nan 1.002698796381336493e-01 nan 6.816235855925888432e-01 nan -1.268907883465706377e-01 nan -2.884865141017507045e-03 nan 3.903683694234759027e+00 nan
7.742636826811270112e+03 6.775061924739374852e+00 nan 1.003272017911444186e-01 nan 6.797230048708265970e-01 nan -1.562363753389832688e-01 nan -3.032028547007817928e-03 nan 3.904731144474416826e+00 nan
9.111627561154886280e+03 6.740541755420189851e+00 nan 1.004018929329633936e-01 nan 6.767631516378670442e-01 nan -1.820264034850422874e-01 nan -2.997095737965733194e-03 nan 3.903793329478795204e+00 nan
1.072267222010323167e+04 6.665346168512614078e+00 nan 1.005010481714823378e-01 nan 6.698742763612914874e-01 nan -2.184154435474168210e-01 nan -2.853892833964664054e-03 nan 3.905193114191192194e+00 nan
1.261856883066020964e+04 6.622022313674535532e+00 nan 1.004334838000119912e-01 nan 6.650727707637493769e-01 nan -2.527806964046082072e-01 nan -2.976158432405582709e-03 nan 3.902921241648720230e+00 nan
1.484968262254463480e+04 6.504760438722793303e+00 nan 1.005061287107413687e-01 nan 6.537682898868115711e-01 nan -3.004414557656573947e-01 nan -2.967519195092529431e-03 nan 3.904785764445793728e+00 nan
1.747528400007683013e+04 6.409002395760021287e+00 nan 1.006310885187866877e-01 nan 6.449448874048426816e-01 nan -3.443892740204828051e-01 nan -2.853666449307629225e-03 nan 3.901716738790085959e+00 nan
2.056512308348651641e+04 6.249944165857286293e+00 nan 1.005366185362894793e-01 nan 6.283482524759019805e-01 nan -4.024510688552607185e-01 nan -3.174362915121537159e-03 nan 3.902576580328056544e+00 nan
2.420128264794383358e+04 6.055275474989401552e+00 nan 1.007790821532385112e-01 nan 6.102451045544472485e-01 nan -4.669515450080972130e-01 nan -3.043949090978579925e-03 nan 3.901052630188523551e+00 nan
2.848035868435799057e+04 5.802437286078950152e+00 nan 1.006368714913423307e-01 nan 5.839391354957004232e-01 nan -5.327023657274385648e-01 nan -2.771736965823065092e-03 nan 3.904365327117144346e+00 nan
3.351602650938840816e+04 5.527025073378693421e+00 nan 1.006976939370602397e-01 nan 5.565586792215455603e-01 nan -5.971738828214134820e-01 nan -2.712651390123440448e-03 nan 3.903950351066442170e+00 nan
3.944206059437656222e+04 5.195980882991891647e+00 nan 1.007465634779509400e-01 nan 5.234772178585621605e-01 nan -6.769693300841095329e-01 nan -2.890865957477414035e-03 nan 3.903544778955699623e+00 nan
4.641588833612772578e+04 4.802062517819926768e+00 nan 1.010152163914797285e-01 nan 4.850813843629938615e-01 nan -7.459195194221868164e-01 nan -3.075373058136858344e-03 nan 3.903732175088646006e+00 nan
5.462277217684336938e+04 4.386020041583149620e+00 nan 1.009605501588732024e-01 nan 4.428149964060786870e-01 nan -8.194316426236811779e-01 nan -2.918199786710654747e-03 nan 3.904047389869991669e+00 nan
6.428073117284318869e+04 3.977848233243848952e+00 nan 1.012697641031453238e-01 nan 4.028357522187179796e-01 nan -8.946643341816535866e-01 nan -3.000575948693495407e-03 nan 3.906925961544056580e+00 nan
7.564633275546290679e+04 3.571671761366433717e+00 nan 1.008955431056844654e-01 nan 3.603657621583029602e-01 nan -9.467896815690242107e-01 nan -3.037832657300592720e-03 nan 3.906753456440546834e+00 nan
8.902150854450374027e+04 3.139573427416546103e+00 nan 1.010865092484135863e-01 nan 3.173685183066162208e-01 nan -1.008658384248214634e+00 nan -3.192270235295567842e-03 nan 3.902206246605080864e+00 nan
1.047615752789664111e+05 2.751392383543537434e+00 nan 1.013470128597488695e-01 nan 2.788453992772019774e-01 nan -1.061748797019479884e+00 nan -2.911288139458490919e-03 nan 3.905245194931756370e+00 nan
1.232846739442065882e+05 2.410802875542149781e+00 nan 1.012045390734646472e-01 nan 2.439841938162264356e-01 nan -1.090657201378428809e+00 nan -2.919880038666733575e-03 nan 3.903061295220589866e+00 nan
1.450828778495940205e+05 2.080628296927945264e+00 nan 1.014955697382236288e-01 nan 2.111745544101717442e-01 nan -1.118709375662532146e+00 nan -2.839433398942047947e-03 nan 3.906406469365800049e+00 nan
1.707352647470688680e+05 1.798014277931510252e+00 nan 1.014448893917614392e-01 nan 1.823993595495698727e-01 nan -1.169562542937971017e+00 nan -2.769345566161083173e-03 nan 3.903359620511538175e+00 nan
2.009233002565045899e+05 1.548576451530590425e+00 nan 1.013784424684350122e-01 nan 1.569922686994671968e-01 nan -1.156718289189295090e+00 nan -3.083214808761772750e-03 nan 3.896521471215300902e+00 nan
2.364489412645407137e+05 1.334836679741008725e+00 nan 1.013158750141360809e-01 nan 1.352401462089244388e-01 nan -1.149890883479725012e+00 nan -2.804096164060872805e-03 nan 3.899432667267642483e+00 nan
2.782559402207125677e+05 1.146711429141043848e+00 nan 1.011943735067001998e-01 nan 1.160407446649007746e-01 nan -1.137407553777476821e+00 nan -2.791628112688161311e-03 nan 3.896592646450351971e+00 nan
3.274549162877724739e+05 9.948438653015277966e-01 nan 1.006961719658302917e-01 nan 1.001769689395539537e-01 nan -1.129882562093708298e+00 nan -2.899141621598813699e-03 nan 3.907119569649792901e+00 nan
3.853528593710527639e+05 8.643392921424098985e-01 nan 1.008909742452097080e-01 nan 8.720403326266266963e-02 nan -1.113980839714919568e+00 nan -3.065130334259666498e-03 nan 3.906466318851005592e+00 nan
4.534878508128582034e+05 7.715249639227760303e-01 nan 1.003928826610390040e-01 nan 7.745561517316160161e-02 nan -1.065000858566132358e+00 nan -3.296152189948114205e-03 nan 3.897354252601204383e+00 nan
5.336699231206302065e+05 6.754739694139096917e-01 nan 9.983389362619027319e-02 nan 6.743519640972876761e-02 nan -1.015842635154053042e+00 nan -2.638130678217572196e-03 nan 3.902276635325237386e+00 nan
6.280291441834246507e+05 6.087652915219013972e-01 nan 9.973796363549713995e-02 nan 6.071701050836422059e-02 nan -9.647716502215684109e-01 nan -2.948598179133202820e-03 nan 3.906855605806590859e+00 nan
7.390722033525775187e+05 5.330621994722494206e-01 nan 9.951549416291063932e-02 nan 5.304794820004894024e-02 nan -9.316031794121015785e-01 nan -2.822993948017263419e-03 nan 3.905140489617715094e+00 nan
8.697490026177833788e+05 4.889188057616035699e-01 nan 9.951053893643541093e-02 nan 4.865257385749555130e-02 nan -8.575428190576710463e-01 nan -3.028240252740509262e-03 nan 3.895143820702822612e+00 nan
1.023531021899024723e+06 4.367637049368116586e-01 nan 9.932899953223632561e-02 nan 4.338330184336636891e-02 nan -8.289817818984164255e-01 nan -2.482771833429990756e-03 nan 3.903255858663293054e+00 nan
1.204503540258781053e+06 4.361555154964856795e-01 nan 9.899346416320413400e-02 nan 4.317654539288517945e-02 nan -7.591934450776518517e-01 nan -2.601150830092854686e-03 nan 3.912790859212087025e+00 nan
1.417474162926804740e+06 3.961251794915505164e-01 nan 9.876383178057797363e-02 nan 3.912284059135474890e-02 nan -7.513172944847790191e-01 nan -2.574015300013351645e-03 nan 3.899503221525908891e+00 nan
1.668100537200059043e+06 4.000561015074254878e-01 nan 9.815056150830771264e-02 nan 3.926573099777835862e-02 nan -6.804230220637235149e-01 nan -2.959639140112923453e-03 nan 3.903603255926392457e+00 nan
1.963040650040268432e+06 3.577863381942101850e-01 nan 9.755049114069137828e-02 nan 3.490223301427471114e-02 nan -6.637433655343309979e-01 nan -2.379615858094911822e-03 nan 3.904178175924995831e+00 nan
2.310129700083157979e+06 3.719165962219810329e-01 nan 9.692184112186484624e-02 nan 3.604684124961160530e-02 nan -6.524902093716713480e-01 nan -2.550165876155453381e-03 nan 3.905624559034809540e+00 nan
2.718588242732940242e+06 3.285445276598755737e-01 nan 9.563708521176976507e-02 nan 3.142104098766816678e-02 nan -6.035031055172002112e-01 nan -2.632542830355554149e-03 nan 3.912504810633306462e+00 nan
3.199267137797384523e+06 3.278586890732516634e-01 nan 9.397230943880696685e-02 nan 3.080963818179320579e-02 nan -6.389045577931500297e-01 nan -2.613789678657124031e-03 nan 3.902079531590061823e+00 nan
3.764935806792463642e+06 3.103510776799107140e-01 nan 9.187733791858515575e-02 nan 2.851423083739422840e-02 nan -7.344981537246559888e-01 nan -1.978692507634785547e-03 nan 3.910142602946405255e+00 nan
4.430621457583877258e+06 2.958010949892139752e-01 nan 8.981338584616550824e-02 nan 2.656689787798453134e-02 nan -7.345953066785297914e-01 nan -2.721344957829855467e-03 nan 3.900206114231873133e+00 nan
5.214008287999684922e+06 3.031722461555861337e-01 nan 8.643462801637362414e-02 nan 2.620458032134654475e-02 nan -7.687326033721433305e-01 nan -3.045846587350388868e-03 nan 3.905548169950747273e+00 nan
6.135907273413163610e+06 2.886624146371326582e-01 nan 8.236529992999627736e-02 nan 2.377576636010437713e-02 nan -7.965721511268646360e-01 nan -2.608150976407378613e-03 nan 3.908723003691012110e+00 nan
7.220809018385455944e+06 2.654501836046657681e-01 nan 7.841718658598591241e-02 nan 2.081585657701129355e-02 nan -1.003521637232771102e+00 nan -2.766326063698074534e-03 nan 3.906602596879896083e+00 nan
8.497534359086439013e+06 2.296151079320384591e-01 nan 7.240161080028013896e-02 nan 1.662450367835976647e-02 nan -9.885795084262434251e-01 nan -3.397662466591388000e-03 nan 3.895216038505700862e+00 nan
1.000000000000000000e+07 2.223962421768361786e-01 nan 6.670084490306636693e-02 nan 1.483401725646193645e-02 nan -1.092622415018535520e+00 nan -2.841648754168704921e-03 nan 3.904863997457940883e+00 nan
