1.000000000000000000e+02 3.160070061479419579e+01 nan 9.997157529672595633e-02 nan 3.159171820941192088e+00 nan 2.257143549127427207e-03 nan -2.741578436675187053e-03 nan 8.329291502339287723e-01 nan
1.123324032978027702e+02 3.140119863838710401e+01 nan 1.005976889492980059e-01 nan 3.158888013259586014e+00 nan 1.357484424887278607e-02 nan -2.843589113682205675e-03 nan 8.340429655442201939e-01 nan
1.261856883066021027e+02 3.157056966849508584e+01 nan 1.000823497236417725e-01 nan 3.159656794536922497e+00 nan -4.338937178230750646e-03 nan -2.238130489376856814e-03 nan 8.327229292282254391e-01 nan
1.417474162926804695e+02 3.121585486915162377e+01 nan 1.012263737913512568e-01 nan 3.159867793201314612e+00 nan -9.342487298425350417e-03 nan -1.524015910076255767e-03 nan 8.342321255258380308e-01 nan
1.592282793341092315e+02 3.131609038204895512e+01 nan 1.009063610154451729e-01 nan 3.159992721683342332e+00 nan 2.918402507166018012e-03 nan -2.480223136209243687e-03 nan 8.332427027752625781e-01 nan
1.788649529057435075e+02 3.174488160705401185e+01 nan 9.950528801388051903e-02 nan 3.158783587276447591e+00 nan 1.285541639037113271e-02 nan -2.947480089342342704e-03 nan 8.307323304703890798e-01 nan
2.009233002565048025e+02 3.161470227951714662e+01 nan 9.992312822653101612e-02 nan 3.159039949719794294e+00 nan 7.624917096784589177e-03 nan -2.754969077632425569e-03 nan 8.309642403938395372e-01 nan
2.257019719633919124e+02 3.130218884445876881e+01 nan 1.009507029918843279e-01 nan 3.159977969032832235e+00 nan 7.342912782533073113e-03 nan -2.638932009022235733e-03 nan 8.302376094293734132e-01 nan
2.535364493970111539e+02 3.182964547133160593e+01 nan 9.926020408373426029e-02 nan 3.159417105397283265e+00 nan -7.943309082511174068e-03 nan -2.124804271774953339e-03 nan 8.327535775636895066e-01 nan
2.848035868435802058e+02 3.186426687393228363e+01 nan 9.913696572615998681e-02 nan 3.158926732970239737e+00 nan 8.711186885437705030e-03 nan -6.434681541748806660e-04 nan 8.333476897599386701e-01 nan
3.199267137797384635e+02 3.175550003529269461e+01 nan 9.948365652096045897e-02 nan 3.159153258162405997e+00 nan 2.543199118261219027e-02 nan -2.308695608769810968e-03 nan 8.321769698830632223e-01 nan
3.593813663804625662e+02 3.213345896281784064e+01 nan 9.826491677694586258e-02 nan 3.157591670736700440e+00 nan -1.484764120462056525e-03 nan -1.909406776748589487e-03 nan 8.323791650168052003e-01 nan
4.037017258596553688e+02 3.143910456895307703e+01 nan 1.005109327569686656e-01 nan 3.159973725269348943e+00 nan 3.787851228194094588e-02 nan -2.979681421018723006e-03 nan 8.305828256790472874e-01 nan
4.534878508128581984e+02 3.160031722152891831e+01 nan 9.995538084558713843e-02 nan 3.158621742719288861e+00 nan 1.250945465282482516e-02 nan -6.252854336526218748e-03 nan 8.280838346899651592e-01 nan
5.094138014816380178e+02 3.178931767684073506e+01 nan 9.936533944412176411e-02 nan 3.158756341656300037e+00 nan 8.313733996005101545e-03 nan -3.597115114604734244e-03 nan 8.320360022285571144e-01 nan
5.722367659350220492e+02 3.149821664880227345e+01 nan 1.003395177515524067e-01 nan 3.160515868574739429e+00 nan 2.184424475199309157e-02 nan -9.732004731741659281e-03 nan 8.273242383531242972e-01 nan
6.428073117284319551e+02 3.128443037032669949e+01 nan 1.010062014317801155e-01 nan 3.159921475663717949e+00 nan 4.795873220347335320e-02 nan -5.968140387008648469e-03 nan 8.302569478686335769e-01 nan
7.220809018385464242e+02 3.164881666001059912e+01 nan 9.984425769545562934e-02 nan 3.159952606358327643e+00 nan 2.152996321331990259e-02 nan -5.312740076138599589e-03 nan 8.293831303581377101e-01 nan
8.111308307896872520e+02 3.152173500163554110e+01 nan 1.002140408108064262e-01 nan 3.158920437881329590e+00 nan 1.405359287299212667e-02 nan -1.063487039407065050e-02 nan 8.238912208050011010e-01 nan
9.111627561154887189e+02 3.154471940519487916e+01 nan 1.002213125896690843e-01 nan 3.161453184061436161e+00 nan 4.822087155809340331e-02 nan 5.906892359235495042e-03 nan 8.369610392501724005e-01 nan
1.023531021899026882e+03 3.184551665083532157e+01 nan 9.926481150783009189e-02 nan 3.161139207714632970e+00 nan 3.703604105881730391e-02 nan -3.795058760534539451e-03 nan 8.298362100448765100e-01 nan
1.149756995397735636e+03 3.165459619365291744e+01 nan 9.985112824500433359e-02 nan 3.160747144076263559e+00 nan 5.220298564179781664e-02 nan -5.693496338043918092e-04 nan 8.319214658803092410e-01 nan
1.291549665014884113e+03 3.203203116390867677e+01 nan 9.873277312562056540e-02 nan 3.162611265659002857e+00 nan 3.749469024214135970e-02 nan 5.854203657979138720e-03 nan 8.357321442743395057e-01 nan
1.450828778495940242e+03 3.211853028427600520e+01 nan 9.853994181015447718e-02 nan 3.164958105240242237e+00 nan 4.262549964452100326e-02 nan -2.809521464945429967e-03 nan 8.314563636137702884e-01 nan
1.629750834620643445e+03 3.209194438111345704e+01 nan 9.871077230252074675e-02 nan 3.167820614549250458e+00 nan 4.976546014440286214e-02 nan -1.010663548453187739e-02 nan 8.273900923250628869e-01 nan
1.830738280295367758e+03 3.223640589529023259e+01 nan 9.822315285449254030e-02 nan 3.166361423732556801e+00 nan 5.396947754783187889e-02 nan -4.156094295804836289e-03 nan 8.300185389853703688e-01 nan
2.056512308348651459e+03 3.240627561127207201e+01 nan 9.775594882510202366e-02 nan 3.167906220267664441e+00 nan 6.930979666697378860e-02 nan 5.326137532076625700e-03 nan 8.362928716145373587e-01 nan
2.310129700083158241e+03 3.253227103040259749e+01 nan 9.744667340404425393e-02 nan 3.170161590191492351e+00 nan 8.279620684676736175e-02 nan 7.472197835883522205e-04 nan 8.321793976154117090e-01 nan
2.595024211399737396e+03 3.300218955489850003e+01 nan 9.606932650000564455e-02 nan 3.170498123564619686e+00 nan 7.399310154921590055e-02 nan -2.142070970723742099e-03 nan 8.341964200231906101e-01 nan
2.915053062825175857e+03 3.323569908251432281e+01 nan 9.563677134392334356e-02 nan 3.178554953609864953e+00 nan 9.607744410138474578e-02 nan -5.897311780925175353e-04 nan 8.359119281407821900e-01 nan
3.274549162877728577e+03 3.353223893845207471e+01 nan 9.476683469531138604e-02 nan 3.177744144443971575e+00 nan 8.812043957797666138e-02 nan -1.412788104556127970e-03 nan 8.341922764694158499e-01 nan
3.678379771828634148e+03 3.394405371589272846e+01 nan 9.371162159790938362e-02 nan 3.180952317322849332e+00 nan 9.541026946399533415e-02 nan 8.044439497723760444e-04 nan 8.347452456939293830e-01 nan
4.132012400115334458e+03 3.450253028600010907e+01 nan 9.235915653935306002e-02 nan 3.186624595688454242e+00 nan 1.001929405324282207e-01 nan 9.522634250730726202e-04 nan 8.342784583808003918e-01 nan
4.641588833612781855e+03 3.451137539155726586e+01 nan 9.236626441229807416e-02 nan 3.187686824648655382e+00 nan 9.427586559589506976e-02 nan 1.073782028425137583e-03 nan 8.346771617057876513e-01 nan
5.214008287999684399e+03 3.526664791847839098e+01 nan 9.064582590467507028e-02 nan 3.196774427459863510e+00 nan 7.470420205005634529e-02 nan 5.675993783484020554e-03 nan 8.407439383420657331e-01 nan
5.857020818056666940e+03 3.522793579391131402e+01 nan 9.077231056193761638e-02 nan 3.197721128340916152e+00 nan 9.291608114548122188e-02 nan 4.569077594154592227e-03 nan 8.368598489528347173e-01 nan
6.579332246575682802e+03 3.575369458004831813e+01 nan 8.956938409719124305e-02 nan 3.202436402734012422e+00 nan 7.876808389078693295e-02 nan 5.420696208748254814e-03 nan 8.397034979070356897e-01 nan
7.390722033525775259e+03 3.623523136008541456e+01 nan 8.834108308346297345e-02 nan 3.201059584129808400e+00 nan 7.945390921969064379e-02 nan 5.771593110753575791e-03 nan 8.379965135864684278e-01 nan
8.302175681319744399e+03 3.665971271935543996e+01 nan 8.738319302607862327e-02 nan 3.203442752836026308e+00 nan 6.541193189975569311e-02 nan 6.631381607592354462e-03 nan 8.356784176761580252e-01 nan
9.326033468832200015e+03 3.712299526535443306e+01 nan 8.627653237222221438e-02 nan 3.202843302765203681e+00 nan 5.702480786175723182e-02 nan 1.149596777025409418e-02 nan 8.465250069870593475e-01 nan
1.047615752789666294e+04 3.727322195185637099e+01 nan 8.586298270842436520e-02 nan 3.200390011939506785e+00 nan 4.829399337329931541e-02 nan 1.094694787281740717e-02 nan 8.465573499022904791e-01 nan
1.176811952434999148e+04 3.764079732916835752e+01 nan 8.496871955218045225e-02 nan 3.198290351982568946e+00 nan 4.228119393864648856e-02 nan 1.137445611095621624e-02 nan 8.389675812716634873e-01 nan
1.321941148466028790e+04 3.773822571821184368e+01 nan 8.468357689824493328e-02 nan 3.195807939611517323e+00 nan 3.342106572680902943e-02 nan 1.085631859185649459e-02 nan 8.403617809945084227e-01 nan
1.484968262254463480e+04 3.785372315583397551e+01 nan 8.436493500577041393e-02 nan 3.193526893768360075e+00 nan 2.505701297954709972e-02 nan 1.156949377075844852e-02 nan 8.453165789065307800e-01 nan
1.668100537200059262e+04 3.792417169764219409e+01 nan 8.411233011577101681e-02 nan 3.189890449199260125e+00 nan 1.866727816390545414e-02 nan 1.223217058340928150e-02 nan 8.461277800026811846e-01 nan
1.873817422860383158e+04 3.828474019588874455e+01 nan 8.337509460307207521e-02 nan 3.191993835686260272e+00 nan 1.228839496744749127e-02 nan 1.321908316579215557e-02 nan 8.366584421789545756e-01 nan
2.104904144512021958e+04 3.807313947878960647e+01 nan 8.369983134966789418e-02 nan 3.186715353327072453e+00 nan 1.013223906110916062e-03 nan 1.363943567997480052e-02 nan 8.465762425807626945e-01 nan
2.364489412645407356e+04 3.817909954997445254e+01 nan 8.345336262918308379e-02 nan 3.186174239599698588e+00 nan -6.816290503312671945e-03 nan 1.259822872485506090e-02 nan 8.445967757748967797e-01 nan
2.656087782946684092e+04 3.817694222396286818e+01 nan 8.348035817925233970e-02 nan 3.187024811045042760e+00 nan -1.504086166821938519e-02 nan 1.312276260449152070e-02 nan 8.421796325183579235e-01 nan
2.983647240283340216e+04 3.824999625886096766e+01 nan 8.327760100885008010e-02 nan 3.185367927035431812e+00 nan -2.596800535442334024e-02 nan 1.235426730801578686e-02 nan 8.429338665723078439e-01 nan
3.351602650938840816e+04 3.826334754252692960e+01 nan 8.320232244427883117e-02 nan 3.183599380030829540e+00 nan -3.542669367738904285e-02 nan 1.344115790422596712e-02 nan 8.361844683704816594e-01 nan
3.764935806792470976e+04 3.821401474898680561e+01 nan 8.336740208719928269e-02 nan 3.185803132944946547e+00 nan -4.474221743400619289e-02 nan 1.551715563390951812e-02 nan 8.465005299247918558e-01 nan
4.229242874389499048e+04 3.830839543869105057e+01 nan 8.313232587306428056e-02 nan 3.184666013283473429e+00 nan -5.199222314421181323e-02 nan 1.198549820828282396e-02 nan 8.414757762053585166e-01 nan
4.750810162102793402e+04 3.815907163285633175e+01 nan 8.349034008502929927e-02 nan 3.185913867956169376e+00 nan -6.818176499438077798e-02 nan 1.375881791161083154e-02 nan 8.447282975145672390e-01 nan
5.336699231206301920e+04 3.801440251112292401e+01 nan 8.369452601467805564e-02 nan 3.181597399899620093e+00 nan -6.241177976697276364e-02 nan 1.442578530476084329e-02 nan 8.465266998244251884e-01 nan
5.994842503189409035e+04 3.804794004226621240e+01 nan 8.394999399431297971e-02 nan 3.194124338044228573e+00 nan -9.191741466263181337e-02 nan 1.138085702276791546e-02 nan 8.339609870140933801e-01 nan
6.734150657750827668e+04 3.827458953867984803e+01 nan 8.341846249954430748e-02 nan 3.192807412117816046e+00 nan -9.397988185492023305e-02 nan 1.071913482335906491e-02 nan 8.455927836355140448e-01 nan
7.564633275546290679e+04 3.782869522708150356e+01 nan 8.433831822723775185e-02 nan 3.190408536182789856e+00 nan -1.097762038991456635e-01 nan 1.155904451590557096e-02 nan 8.407921574247577690e-01 nan
8.497534359086438781e+04 3.799681040725371162e+01 nan 8.401297202867667735e-02 nan 3.192224969923536992e+00 nan -1.196023151511851346e-01 nan 1.382150460558591830e-02 nan 8.382207229486930977e-01 nan
9.545484566618327517e+04 3.803660349482501601e+01 nan 8.427890848525949885e-02 nan 3.205683425030458888e+00 nan -1.494423601958900782e-01 nan 1.340170223623792824e-02 nan 8.446080468354609794e-01 nan
1.072267222010323167e+05 3.823145409810010875e+01 nan 8.356954938731801785e-02 nan 3.194985391400158914e+00 nan -1.548526144062960519e-01 nan 1.547822720385469593e-02 nan 8.462107585606823967e-01 nan
1.204503540258783614e+05 3.822462026404515001e+01 nan 8.421432969304223914e-02 nan 3.219060773307641288e+00 nan -1.937263543716745140e-01 nan 1.080080563466137220e-02 nan 8.425531303246966974e-01 nan
1.353047774579807592e+05 3.820641582041383089e+01 nan 8.390070229757211340e-02 nan 3.205545119605790028e+00 nan -2.125892010683232414e-01 nan 1.009328238413918083e-02 nan 8.440717356863278731e-01 nan
1.519911082952933211e+05 3.846729612066862813e+01 nan 8.393056309601283627e-02 nan 3.228581824188788030e+00 nan -2.436935696396633766e-01 nan 7.267629554710834834e-03 nan 8.439822048868206306e-01 nan
1.707352647470688680e+05 3.843815942008274078e+01 nan 8.435097963846074909e-02 nan 3.242296402583307646e+00 nan -2.701173965766394680e-01 nan 4.372608132663209461e-03 nan 8.598353382701339198e-01 nan
1.917910261672488705e+05 3.904755893724378524e+01 nan 8.374890396669681936e-02 nan 3.270190263569163758e+00 nan -3.046729345159535640e-01 nan 4.553516834527288927e-03 nan 8.635833610070342559e-01 nan
2.154434690031886566e+05 3.911091612008767981e+01 nan 8.401378255775193704e-02 nan 3.285856002547521637e+00 nan -3.386328433082645972e-01 nan 3.982950623608164965e-03 nan 8.762132304726488741e-01 nan
2.420128264794383431e+05 3.963850441972011396e+01 nan 8.370242688480050708e-02 nan 3.317839018014464347e+00 nan -3.905860790164026319e-01 nan -8.093278827242748451e-04 nan 8.798155048990038418e-01 nan
2.718588242732940125e+05 3.988771214278722965e+01 nan 8.393133904421973268e-02 nan 3.347829091554515468e+00 nan -4.382014705025518708e-01 nan -1.660473514845019248e-03 nan 8.934344643319788171e-01 nan
3.053855508833412314e+05 4.036126393059985418e+01 nan 8.387927354164136096e-02 nan 3.385473497721168012e+00 nan -5.033272274616624742e-01 nan -6.895496882033129785e-03 nan 9.047689635616521509e-01 nan
3.430469286314919009e+05 4.030659500601422707e+01 nan 8.438808487636118016e-02 nan 3.401396360444643996e+00 nan -5.804125987730368585e-01 nan -9.163123295181695507e-03 nan 9.080626129933682122e-01 nan
3.853528593710527639e+05 4.049508845091705922e+01 nan 8.470999603655222920e-02 nan 3.430338782177015933e+00 nan -6.755377393446231338e-01 nan -1.156487011776467268e-02 nan 9.115125821033192022e-01 nan
4.328761281083061476e+05 4.035911757491390972e+01 nan 8.532475403303803330e-02 nan 3.443631780069991599e+00 nan -7.842955008736764988e-01 nan -1.219351054059721398e-02 nan 9.190562968376747577e-01 nan
4.862601580065353191e+05 3.920221292303644844e+01 nan 8.719762917123141666e-02 nan 3.418340025154588346e+00 nan -9.292925882275806515e-01 nan -7.965577613543245450e-03 nan 9.200557726510535383e-01 nan
5.462277217684336938e+05 3.737390928018546532e+01 nan 8.930860169007015514e-02 nan 3.337811577504900207e+00 nan -1.088764628168136461e+00 nan -1.948204040178403915e-02 nan 9.190202281793614647e-01 nan
6.135907273413162911e+05 3.446612214253282502e+01 nan 9.149995374831929040e-02 nan 3.153648581925676986e+00 nan -1.234171632804187180e+00 nan -1.059625270138930819e-02 nan 9.330134531771081541e-01 nan
6.892612104349695146e+05 3.177723592805099884e+01 nan 9.429454580961366128e-02 nan 2.996420028920506073e+00 nan -1.424216730078733617e+00 nan -3.641431433269655057e-03 nan 9.600722773443327585e-01 nan
7.742636826811278006e+05 2.806006550866300842e+01 nan 9.678795959399545679e-02 nan 2.715876486657340827e+00 nan -1.593315155725631982e+00 nan 3.008212619491881421e-04 nan 1.011610804708001021e+00 nan
8.697490026177833788e+05 2.417568279125621089e+01 nan 9.815333515614696469e-02 nan 2.372923895638865410e+00 nan -1.751705632033491833e+00 nan -1.029038601184031551e-02 nan 9.769884284911759531e-01 nan
9.770099572992246831e+05 2.060101194531336688e+01 nan 9.916713847115246616e-02 nan 2.042943404226756687e+00 nan -1.841516166410556377e+00 nan 1.101103245325304493e-02 nan 9.281966288630942863e-01 nan
1.097498765493056737e+06 1.700591966592807225e+01 nan 9.981846962912127585e-02 nan 1.697504875688717441e+00 nan -1.980601313989671652e+00 nan -7.470866540835688352e-03 nan 8.964774091849020410e-01 nan
1.232846739442065824e+06 1.439087217418932063e+01 nan 9.945089889732139365e-02 nan 1.431185173639577757e+00 nan -2.040178780194866981e+00 nan -1.581954725586900675e-03 nan 8.630650399501609282e-01 nan
1.384886371393871726e+06 1.196701788469557037e+01 nan 9.934236126325103611e-02 nan 1.188831813945213645e+00 nan -2.132463134151121764e+00 nan -1.768770263717679009e-03 nan 8.270775045731194597e-01 nan
1.555676143930472201e+06 9.739447541024908617e+00 nan 9.874997690168667297e-02 nan 9.617702197113987550e-01 nan -2.190907599439361420e+00 nan 4.121971747606971437e-03 nan 8.818317345126767126e-01 nan
1.747528400007682852e+06 7.844984494078199866e+00 nan 9.796822083309028595e-02 nan 7.685591733480221510e-01 nan -2.275850399650200195e+00 nan 4.666495006210467575e-03 nan 8.572726123900259454e-01 nan
1.963040650040272390e+06 6.556318880495265233e+00 nan 9.737292750173000278e-02 nan 6.384079630286890739e-01 nan -2.336205889285873027e+00 nan -2.971490877514746439e-03 nan 8.895352275624131000e-01 nan
2.205130739903045818e+06 5.223928178366127995e+00 nan 9.631691304750115978e-02 nan 5.031526361220814980e-01 nan -2.372168382059557601e+00 nan 2.606785732570609127e-03 nan 8.505909367369550722e-01 nan
2.477076355991709046e+06 4.194216794306636409e+00 nan 9.608898229589668549e-02 nan 4.030180232932829010e-01 nan -2.417888722109530875e+00 nan 9.232434862301619515e-04 nan 8.728346969147939838e-01 nan
2.782559402207125910e+06 3.311764404276272611e+00 nan 9.500685890291538094e-02 nan 3.146403334767734483e-01 nan -2.424687842070664345e+00 nan 2.393498029455818840e-03 nan 8.646210903815297888e-01 nan
3.125715849688235205e+06 2.639283275187620514e+00 nan 9.369523679776622926e-02 nan 2.472882714450881092e-01 nan -2.477966474956410536e+00 nan 4.121561494391556488e-03 nan 8.313895595167551944e-01 nan
3.511191734215127304e+06 2.204894903106146220e+00 nan 9.192148647225943658e-02 nan 2.026772170086253988e-01 nan -2.459053484630405961e+00 nan 4.821095190790974233e-03 nan 8.685911162771591254e-01 nan
3.944206059437655844e+06 1.794241018563968781e+00 nan 9.047788647544567631e-02 nan 1.623391351872187915e-01 nan -2.454933286425106331e+00 nan 8.190017167952829552e-03 nan 8.117846166617601611e-01 nan
4.430621457583877258e+06 1.464008197109705645e+00 nan 8.845397435038392098e-02 nan 1.294973435158937036e-01 nan -2.470866534305803164e+00 nan 9.045459109174326315e-03 nan 8.150900069110156299e-01 nan
4.977023564332113601e+06 1.211565271458775461e+00 nan 8.590520352906953760e-02 nan 1.040797612334184857e-01 nan -2.447795442902131136e+00 nan 1.242091700312588851e-02 nan 8.165397782499270729e-01 nan
5.590810182512222789e+06 1.042555801723581199e+00 nan 8.327344688582606624e-02 nan 8.681721518033845564e-02 nan -2.470020626426094879e+00 nan 1.531432301160047700e-02 nan 8.769659812918630948e-01 nan
6.280291441834246740e+06 8.379544125551735556e-01 nan 8.024960785203258395e-02 nan 6.724551300543300802e-02 nan -2.516290206295590082e+00 nan 1.948766092980746753e-02 nan 8.342412328249140252e-01 nan
7.054802310718645342e+06 6.955763252728169865e-01 nan 7.766088486296632287e-02 nan 5.401907291041745107e-02 nan -2.692288138911806961e+00 nan 2.002284196977874992e-02 nan 9.068342623098210042e-01 nan
7.924828983539169654e+06 5.889539078038583675e-01 nan 7.395483779932095214e-02 nan 4.355599072291057444e-02 nan -2.425231130963105386e+00 nan 2.299207303231925667e-02 nan 8.409032376226580618e-01 nan
8.902150854450393468e+06 5.118218950937021283e-01 nan 7.026993859860532210e-02 nan 3.596569314165626308e-02 nan -2.477320341378322688e+00 nan -1.620218347211477283e-02 nan 8.229365811994807656e-01 nan
1.000000000000000000e+07 3.886728612244159109e-01 nan 6.634428856957766407e-02 nan 2.578622446423606274e-02 nan -2.520115025161218547e+00 nan 6.487868577618530197e-03 nan 8.469795576458905018e-01 nan
