1.000000000000000000e+00 3.167770389533386322e+01 nan 1.000823442103190575e-01 nan 3.170378865045368588e+00 nan -2.180822382542579874e-04 nan -2.449522942566832728e-03 nan 2.952585781750692306e-01 nan
1.084365968689610327e+00 3.167763349913048998e+01 nan 1.000820458282111330e-01 nan 3.170362367589254049e+00 nan -1.491987034758501807e-04 nan -2.220510588980878584e-03 nan 2.962511852216089814e-01 nan
1.175849554052156742e+00 3.166413640742977975e+01 nan 1.001051203363659270e-01 nan 3.169742185412863567e+00 nan 2.541840294441044534e-04 nan -2.246826604283477368e-03 nan 2.980719207504494150e-01 nan
1.275051240713013234e+00 3.165237300368962536e+01 nan 1.001508990014891021e-01 nan 3.170013611849979984e+00 nan -2.429379441579726517e-04 nan -2.301004387702179979e-03 nan 2.984520797936857650e-01 nan
1.382622173764655793e+00 3.167044900797570151e+01 nan 1.001136774389654177e-01 nan 3.170645116331681557e+00 nan -1.462410657153689897e-04 nan -2.245376941278872870e-03 nan 2.973791606547498967e-01 nan
1.499268432786045491e+00 3.167324958452716288e+01 nan 1.000831250330462413e-01 nan 3.169957798371112023e+00 nan -1.586583747492653629e-06 nan -2.319071817885029474e-03 nan 2.975997429048353737e-01 nan
1.625755666443794212e+00 3.167380748333946983e+01 nan 1.000904652431405806e-01 nan 3.170246127029115346e+00 nan -1.926541003585136025e-04 nan -2.328756222939252531e-03 nan 2.962693903650795990e-01 nan
1.762914118095947780e+00 3.167418997613915721e+01 nan 1.000624200065433761e-01 nan 3.169396100759482415e+00 nan 2.976188164840465333e-04 nan -2.333112122412289106e-03 nan 2.980075015510019187e-01 nan
1.911644075385702246e+00 3.168652972035277315e+01 nan 1.000449197102301763e-01 nan 3.170076321768515282e+00 nan 2.981125335113077313e-04 nan -2.232618182136282201e-03 nan 3.007540745093703616e-01 nan
2.072921779595371383e+00 3.167714633803944579e+01 nan 1.000865726177657261e-01 nan 3.170457007285776729e+00 nan -7.039710637766205537e-04 nan -2.228885457823022009e-03 nan 3.007421721158265449e-01 nan
2.247805833548725207e+00 3.167697496034768889e+01 nan 1.000648285220639977e-01 nan 3.169751067504906317e+00 nan 2.797631104605180496e-04 nan -2.298906090513942561e-03 nan 3.008504736664497914e-01 nan
2.437444150122220599e+00 3.165860698720570099e+01 nan 1.001287089531040508e-01 nan 3.169935444882626019e+00 nan -3.156290757551083459e-04 nan -2.270134654302766088e-03 nan 2.996511906357680055e-01 nan
2.643081486974105054e+00 3.170011080670114012e+01 nan 1.000007227240259922e-01 nan 3.170033991101820714e+00 nan 2.790703963673202281e-04 nan -2.402344478227444024e-03 nan 2.993390461035740913e-01 nan
2.866067616948250851e+00 3.169033539884809159e+01 nan 1.000280405723597416e-01 nan 3.169922155027665056e+00 nan 2.011896447395855603e-04 nan -2.416886157742038216e-03 nan 2.989725260810711660e-01 nan
3.107866187782013068e+00 3.165662989629367985e+01 nan 1.001632329255833509e-01 nan 3.170830393941449277e+00 nan -7.216162639007706048e-04 nan -2.326937337553552226e-03 nan 2.994417717790466837e-01 nan
3.370064329271928116e+00 3.169918682325713277e+01 nan 1.000029775921357778e-01 nan 3.170013069575108755e+00 nan 7.630295164542388875e-04 nan -2.412814251890776137e-03 nan 2.996801992138136694e-01 nan
3.654383070957256230e+00 3.164199009203149160e+01 nan 1.002058683923463117e-01 nan 3.170713094834033630e+00 nan -7.904161637650730654e-05 nan -2.281072827708115029e-03 nan 2.989187849321199852e-01 nan
3.962688638701478361e+00 3.169004569305506536e+01 nan 1.000245371819531159e-01 nan 3.169782153722779494e+00 nan 4.429355643575938473e-04 nan -2.258733278344964446e-03 nan 2.998515313412263295e-01 nan
4.297004704320841029e+00 3.163461970660064537e+01 nan 1.002146542079221520e-01 nan 3.170252474896103401e+00 nan -6.430549350104897144e-04 nan -2.191792549400742914e-03 nan 2.990649602379790717e-01 nan
4.659525668664681319e+00 3.165713158030782282e+01 nan 1.001286134299368968e-01 nan 3.169784690305289310e+00 nan -1.148944147288943896e-04 nan -2.316070727015571810e-03 nan 2.988118524937379838e-01 nan
5.052631065335679850e+00 3.167340340012363242e+01 nan 1.000904793115830332e-01 nan 3.170206127747498215e+00 nan -3.273490569823955809e-04 nan -2.327731374873828578e-03 nan 2.979715275121280205e-01 nan
5.478901179593941961e+00 3.161732708686896132e+01 nan 1.002729564134602208e-01 nan 3.170362860891726697e+00 nan -8.990379542703763605e-04 nan -2.230701148081195174e-03 nan 2.981687848390929263e-01 nan
5.941133984965033754e+00 3.166382696077548076e+01 nan 1.001334217579278874e-01 nan 3.170607339533379143e+00 nan 3.762199311729830242e-04 nan -2.247653049634908660e-03 nan 2.980484265137756661e-01 nan
6.442363508721371979e+00 3.175585446934551470e+01 nan 1.000251070412615517e-01 nan 3.176382742483009114e+00 nan -3.947314416983260799e-04 nan -2.314783247492669532e-03 nan 2.846007512511709026e-01 nan
6.985879746785247590e+00 3.200576593878090392e+01 nan 1.002246878442077660e-01 nan 3.207767900429093544e+00 nan -4.868988506063320898e-03 nan -2.197315131844397411e-03 nan 2.480389106865664439e-01 nan
7.575250258771914602e+00 3.153059043170545550e+01 nan 1.000653230235403063e-01 nan 3.155118716671555745e+00 nan -5.950416931465252190e-03 nan -2.316147452404207149e-03 nan 2.532193010400562438e-01 nan
8.214343584919426178e+00 3.172908711337182552e+01 nan 9.995531452603323430e-02 nan 3.171490882040988613e+00 nan 4.550264602563025562e-04 nan -2.434664395110050592e-03 nan 2.713757192294249387e-01 nan
8.907354638610438968e+00 3.160146259999897822e+01 nan 1.003271184823476547e-01 nan 3.170483682485575549e+00 nan -1.031451783153780610e-03 nan -2.226726677271921757e-03 nan 2.979677854945384508e-01 nan
9.658832241158703980e+00 3.161333091988182886e+01 nan 1.002810476623982594e-01 nan 3.170217944743838334e+00 nan -1.273966383115610057e-03 nan -2.260518523402129352e-03 nan 2.980081505158838073e-01 nan
1.047370897959449820e+01 3.171818334924273941e+01 nan 9.993277526214557061e-02 nan 3.169686088363402376e+00 nan 1.798848500210503687e-03 nan -2.410569476821983800e-03 nan 2.988965319221398853e-01 nan
1.135733358343105159e+01 3.208570074456555687e+01 nan 9.973214019379197937e-02 nan 3.199975604873067869e+00 nan -1.852069151685231674e-03 nan -2.575449049837852649e-03 nan 3.293099235599946661e-01 nan
1.231550603292825485e+01 3.159568019568440533e+01 nan 1.002275283382927235e-01 nan 3.166756932180593065e+00 nan 2.465939029988373221e-03 nan -2.293091474630071062e-03 nan 3.856020011062449848e-01 nan
1.335451562929898728e+01 3.165102743372970551e+01 nan 1.000716350286618567e-01 nan 3.167370065630362941e+00 nan -2.899944461110859351e-03 nan -2.348088962789332979e-03 nan 3.049025688529624079e-01 nan
1.448118227674533820e+01 3.172763723966105331e+01 nan 9.979237623602096874e-02 nan 3.166176312500245782e+00 nan 3.818935821977564871e-03 nan -2.459254686082886811e-03 nan 3.046668519462101266e-01 nan
1.570290124729377546e+01 3.165064354177375350e+01 nan 1.001702768443434033e-01 nan 3.170453725881106521e+00 nan 1.312059058739212247e-03 nan -2.272025333913576042e-03 nan 3.067724872974375017e-01 nan
1.702769172225899652e+01 3.182637397519913947e+01 nan 9.962441870410274070e-02 nan 3.170684006738597738e+00 nan 1.740720817450469582e-03 nan -2.479491723232146814e-03 nan 3.048985954989565927e-01 nan
1.846424942895543353e+01 3.169054864297488905e+01 nan 1.001045808777402124e-01 nan 3.172369089690640021e+00 nan 3.082217476537696399e-03 nan -2.308410706811368004e-03 nan 3.055969788737091797e-01 nan
2.002200371815584390e+01 3.168491764957944667e+01 nan 9.998011918780086438e-02 nan 3.167861843060608251e+00 nan 1.517157447856298802e-03 nan -2.279812381627270568e-03 nan 3.077221357785244749e-01 nan
2.171117945694504314e+01 3.185339501172733279e+01 nan 9.956393295141069411e-02 nan 3.171449285222419867e+00 nan 5.500283131763428202e-03 nan -2.594457356845928341e-03 nan 3.060038441658994857e-01 nan
2.354286414322417897e+01 3.182386982299268752e+01 nan 9.928224232108823211e-02 nan 3.159545155361127122e+00 nan 5.922792141985766534e-03 nan -2.602406920822793700e-03 nan 3.032026226593881879e-01 nan
2.552908068239516481e+01 3.161728417539153924e+01 nan 1.005141122365036110e-01 nan 3.177983250218734845e+00 nan -3.368286288471189494e-03 nan -2.186886109531288851e-03 nan 3.051383631817363162e-01 nan
2.768286630392065106e+01 3.174059385350003026e+01 nan 9.967672875582717085e-02 nan 3.163798564084197462e+00 nan 4.439201058083153129e-03 nan -2.560407528012723175e-03 nan 3.052484609170190710e-01 nan
3.001835813575588929e+01 3.146149295955991931e+01 nan 1.008858298063701475e-01 nan 3.174018824172474496e+00 nan -5.502365942215536876e-03 nan -1.854004979696512309e-03 nan 3.111674406327367692e-01 nan
3.255088599835058005e+01 3.150510292342062257e+01 nan 1.008094244537053735e-01 nan 3.176011293064783469e+00 nan 1.992952278531134880e-04 nan -2.110152166605282209e-03 nan 3.078565964912347575e-01 nan
3.529707302730650298e+01 3.118386459295122037e+01 nan 1.019510190498649493e-01 nan 3.179226773164379072e+00 nan 1.364393725281010106e-02 nan -1.783818645534271385e-03 nan 3.082622222082955221e-01 nan
3.827494478516312881e+01 3.120249983127212445e+01 nan 1.014687418199120700e-01 nan 3.166078399515201092e+00 nan -1.521274095541214066e-02 nan -1.875110732856863881e-03 nan 3.049150194855062002e-01 nan
4.150404757850474624e+01 3.196294463414881193e+01 nan 9.884470738035226745e-02 nan 3.159367909376840089e+00 nan -1.724468840350601440e-02 nan -2.408331239108253696e-03 nan 3.043834196824060645e-01 nan
4.500557675700497384e+01 3.107816941424104940e+01 nan 1.018138552122646451e-01 nan 3.164188241003769608e+00 nan -7.366495968920139248e-02 nan -1.694733765541910162e-03 nan 3.064097103401517974e-01 nan
4.880251583654430902e+01 3.155057786440602285e+01 nan 1.002326538390769378e-01 nan 3.162398149505852185e+00 nan -1.039464083988144161e-01 nan -2.078935121583154640e-03 nan 3.062801848181498920e-01 nan
5.291978735958441860e+01 3.302264639078173758e+01 nan 9.544841262271630544e-02 nan 3.151959178601388523e+00 nan -9.648125302404197967e-02 nan -2.102380592897743535e-03 nan 3.157203329500118394e-01 nan
5.738441648302395492e+01 3.180144859317317696e+01 nan 9.936155122779283255e-02 nan 3.159841263508596843e+00 nan 7.008532683042245637e-02 nan -1.821494205844538788e-03 nan 3.082788671530136138e-01 nan
6.222570836730228194e+01 3.206861048443726503e+01 nan 9.886235558979893090e-02 nan 3.170378372983190918e+00 nan -3.145401031099170908e-02 nan -2.103959681454470407e-03 nan 3.082550453402255197e-01 nan
6.747544053110692630e+01 3.150246632157626081e+01 nan 1.001292467786465690e-01 nan 3.154318224449111696e+00 nan 1.540902621137263395e-03 nan -2.304364292697483590e-03 nan 3.095311717807420204e-01 nan
7.316807143427196536e+01 3.216665840833184120e+01 nan 9.853045873903774898e-02 nan 3.169395609074861841e+00 nan 1.647159404374853864e-02 nan -1.338928441883872021e-03 nan 3.102168190265784387e-01 nan
7.934096665797491710e+01 3.194986959902788115e+01 nan 9.978862473848820747e-02 nan 3.188233547861025752e+00 nan 2.752088797435181533e-02 nan -1.137898716166306631e-03 nan 3.104389108908496842e-01 nan
8.603464416684504101e+01 3.235366174514430782e+01 nan 9.840720649575097900e-02 nan 3.183833472248094765e+00 nan 7.192896131054116182e-03 nan -1.055036184487779085e-03 nan 3.152423237635322839e-01 nan
9.329304026284685847e+01 3.149561999373906573e+01 nan 1.006444855588616433e-01 nan 3.169860471627265586e+00 nan 2.121185994226060245e-03 nan -2.927879527371342328e-03 nan 2.987716385984164891e-01 nan
1.011637979766206996e+02 3.170392392508254531e+01 nan 1.000072138115241510e-01 nan 3.170621098640026059e+00 nan 2.723509945117275066e-03 nan -2.280900741395338119e-03 nan 2.991596415548480326e-01 nan
1.096985797892384085e+02 3.168412186131157071e+01 nan 1.000922471811598741e-01 nan 3.171334957060389037e+00 nan 1.446593459138245663e-02 nan -2.034197092927382544e-03 nan 3.008782810827295151e-01 nan
1.189534067370319548e+02 3.135166952451999123e+01 nan 1.011581656342622343e-01 nan 3.171477378672044711e+00 nan 1.716852223565989988e-02 nan -2.865340526683869769e-03 nan 2.994711092147267495e-01 nan
1.289890261253308097e+02 3.145133142709386576e+01 nan 1.008425741016877458e-01 nan 3.171633220033453604e+00 nan 1.520028227310854518e-02 nan -2.582620169022725818e-03 nan 2.999225353073103895e-01 nan
1.398713102647238600e+02 3.193522162315611723e+01 nan 9.924911775507051781e-02 nan 3.169542571410895793e+00 nan 1.466630539636248898e-03 nan -2.120140463918247092e-03 nan 3.014849088300000646e-01 nan
1.516716888470922413e+02 3.147470633639057880e+01 nan 1.007042970765921891e-01 nan 3.169638177298375492e+00 nan 3.956152594722706084e-03 nan -2.642220037829439046e-03 nan 3.005459414973383203e-01 nan
1.644676177994664386e+02 3.172646534236176308e+01 nan 9.992273553952116250e-02 nan 3.170195206008598277e+00 nan -1.474337665560110366e-02 nan -4.149382308660749807e-03 nan 2.957068746817617666e-01 nan
1.783430876931909381e+02 3.152856255075863601e+01 nan 1.005735392149717938e-01 nan 3.170939122090414841e+00 nan 5.497161113911630537e-03 nan -2.208760369572428366e-03 nan 2.998397408845488998e-01 nan
1.933891750455230181e+02 3.174044272307376247e+01 nan 9.986212237324906815e-02 nan 3.169667975392695070e+00 nan 8.316435966178481465e-03 nan -2.322079540081627320e-03 nan 2.995418530289389314e-01 nan
2.097046401323232772e+02 3.178633750450234885e+01 nan 9.969548188057855698e-02 nan 3.168954234730068542e+00 nan 1.046406972723890050e-02 nan -1.692620641841448628e-03 nan 3.005787476682231230e-01 nan
2.273965752357927386e+02 3.203482484574916356e+01 nan 9.888827903801027108e-02 nan 3.167868698280227768e+00 nan -9.835350387308317011e-04 nan -1.222157298128589064e-03 nan 3.014050737613771513e-01 nan
2.465811075822603868e+02 3.140400443042075196e+01 nan 1.009762049526757577e-01 nan 3.171057187700903501e+00 nan 1.643320092765954143e-02 nan -1.830726910548982319e-03 nan 2.994980759881408217e-01 nan
2.673841615839946826e+02 3.234330883382295951e+01 nan 9.789596015489979153e-02 nan 3.166279272873551154e+00 nan -4.446416973448386045e-03 nan -1.257806153646341728e-04 nan 3.025856074203617241e-01 nan
2.899422853882875302e+02 3.125372491126319119e+01 nan 1.016006582023916832e-01 nan 3.175399022260825710e+00 nan -1.748184611432002100e-04 nan -5.880624149081549283e-03 nan 3.017356337708066438e-01 nan
3.144035471591499800e+02 3.107395798368989759e+01 nan 1.021332686465845907e-01 nan 3.173684898660882325e+00 nan -6.838298893183214489e-03 nan -6.339579640912935271e-03 nan 2.919758078998441753e-01 nan
3.409285069746811132e+02 3.198434334996625950e+01 nan 9.905221059689944818e-02 nan 3.168119913304398239e+00 nan 8.222121234048529459e-03 nan -2.648463895646869918e-04 nan 3.020506101306100755e-01 nan
3.696912707195028247e+02 3.236442891269072675e+01 nan 9.784046239827212665e-02 nan 3.166550690073667962e+00 nan 1.678742692136037107e-02 nan 1.132339147800747120e-03 nan 3.046294989151061561e-01 nan
4.008806328898464812e+02 3.139951958079054251e+01 nan 1.010111136002410370e-01 nan 3.171700439368226210e+00 nan 1.430952069994084752e-02 nan -6.473103719680447198e-03 nan 2.917802471011916587e-01 nan
4.347013158125021732e+02 3.163400165172273404e+01 nan 1.002104482378284034e-01 nan 3.170057485075339354e+00 nan 1.086014121499978557e-02 nan -6.028081033039610348e-03 nan 2.929899625671633090e-01 nan
4.713753134116723800e+02 3.206252407318579856e+01 nan 9.885719247327610926e-02 nan 3.169611113481976883e+00 nan -1.359199354000750759e-03 nan -1.782351906181064809e-03 nan 2.979934068241553713e-01 nan
5.111433483440165446e+02 3.150961293244932904e+01 nan 1.006653386488166879e-01 nan 3.171925856538145627e+00 nan 3.794712351824980345e-02 nan -4.575546600065527646e-04 nan 3.018955142142789594e-01 nan
5.542664520663107623e+02 3.191904108892061132e+01 nan 9.924600157970120407e-02 nan 3.167837202333562807e+00 nan 1.690000274967173866e-02 nan -9.391899518172047365e-03 nan 2.875881189256724868e-01 nan
6.010276782070382069e+02 3.067404659949943380e+01 nan 9.980297987166275586e-02 nan 3.061361255352287536e+00 nan 4.900936560629132188e-02 nan 2.690540278810369269e-03 nan -3.648755510111634792e-01 nan
6.517339604882420190e+02 3.183585559215241290e+01 nan 9.958947897553496742e-02 nan 3.170516271162830080e+00 nan 1.837333207797131607e-02 nan -5.778503632195651669e-03 nan 2.925467090986693663e-01 nan
7.067181273927491247e+02 3.152261890418527557e+01 nan 1.006497803801030960e-01 nan 3.172744669711934140e+00 nan 2.289524717911639584e-02 nan 1.769302315357214675e-03 nan 1.640483240089497530e-01 nan
7.663410868007454155e+02 3.180904594673386754e+01 nan 9.983843503982797740e-02 nan 3.175765367431892638e+00 nan 1.986351122535667812e-02 nan -4.527777532237302165e-03 nan 2.480932026928553413e-01 nan
8.309941949353395785e+02 3.203049919171080973e+01 nan 9.891216289396309591e-02 nan 3.168205953625452764e+00 nan 2.939120723375276967e-02 nan 1.925900501468334443e-03 nan 2.675422385982767493e-01 nan
9.011018251665018397e+02 3.168388122086631142e+01 nan 1.001665661362615978e-01 nan 3.173665583763362275e+00 nan 4.476575249845327065e-02 nan 6.179854744043932618e-03 nan 2.637968025648351755e-01 nan
9.771241535346501905e+02 3.178246905011026513e+01 nan 9.985203407593301606e-02 nan 3.173544182608896591e+00 nan 1.654390841625863473e-02 nan -1.228389304955323363e-02 nan 8.710770995716983489e-02 nan
1.059560179277615816e+03 3.181668996170420982e+01 nan 9.960779770450627069e-02 nan 3.169190417332428122e+00 nan 3.977349767222682075e-02 nan -6.342253459833018837e-03 nan 2.663527425475797350e-01 nan
1.148951000187308637e+03 3.194422670622265059e+01 nan 9.932264269242159493e-02 nan 3.172785015227864047e+00 nan 3.537231294769549450e-02 nan -5.261569191948661621e-03 nan 2.587529886162176496e-01 nan
1.245883364295008050e+03 3.173551859084574644e+01 nan 1.000325157017282335e-01 nan 3.174583761741265331e+00 nan 5.317870674299030043e-02 nan 4.857045832744951060e-03 nan 2.832216448293511379e-01 nan
1.350993521198026428e+03 3.199122787882589236e+01 nan 9.924169289345631528e-02 nan 3.174863612435017135e+00 nan 3.371454808535068182e-02 nan -4.799030267246468147e-03 nan 2.699030558338882946e-01 nan
1.464971398307286336e+03 3.229451706603739325e+01 nan 9.837820444029805877e-02 nan 3.177076602223321444e+00 nan 4.064799082771397565e-02 nan 7.952644780393871085e-03 nan 2.903893460673561688e-01 nan
1.588565129428052614e+03 3.229366735512295605e+01 nan 9.836379516525084465e-02 nan 3.176527680854062563e+00 nan 5.020241632213773286e-02 nan 5.041802779732484051e-03 nan 1.440604431349667425e-01 nan
1.722585965398785675e+03 3.234797776493564925e+01 nan 9.822189001908013251e-02 nan 3.177279514367158608e+00 nan 5.476592063456919846e-02 nan 2.446170681741815459e-03 nan 2.815520135823935122e-01 nan
1.867913599020782840e+03 3.245393081857739759e+01 nan 9.789038338840536091e-02 nan 3.176927730291325691e+00 nan 6.434887322483850980e-02 nan 4.939516732339101386e-03 nan 3.104201476540980331e-01 nan
2.025501939230666494e+03 3.251103435965207922e+01 nan 9.779193705408552317e-02 nan 3.179317025662308005e+00 nan 7.179461766950723245e-02 nan -5.778866889308707962e-03 nan 2.980153590387750184e-01 nan
2.196385372416546943e+03 3.267279276869409443e+01 nan 9.716052820399753709e-02 nan 3.174505803306069573e+00 nan 7.549164050035583884e-02 nan -4.976559469984612617e-04 nan 3.028024991442033742e-01 nan
2.381685551976158422e+03 3.301371980302073439e+01 nan 9.632513725492909684e-02 nan 3.180051091321742796e+00 nan 6.324605409731010042e-02 nan -5.079383222052014611e-03 nan 2.948636167806532038e-01 nan
2.582618760682674747e+03 3.313899409476563562e+01 nan 9.606048739654675372e-02 nan 3.183347924574471577e+00 nan 6.982873606137074418e-02 nan -2.313711301161458164e-03 nan 2.993743466906463313e-01 nan
2.800503894183631019e+03 3.308385186318434990e+01 nan 9.633715163667905257e-02 nan 3.187204053669017600e+00 nan 8.192134239508064297e-02 nan 3.993456418647368771e-04 nan 3.061000496492151668e-01 nan
3.036771118035457221e+03 3.330484588943255631e+01 nan 9.569265747208476058e-02 nan 3.187029209858039724e+00 nan 7.794284223462089045e-02 nan -1.918085993587785977e-03 nan 3.014177918588365479e-01 nan
3.292971255097151243e+03 3.350760151777316054e+01 nan 9.525946705175798723e-02 nan 3.191916262765748247e+00 nan 7.918087931294426340e-02 nan -3.480334064036997893e-04 nan 3.017577048262715667e-01 nan
3.570785964900462659e+03 3.372560377745698190e+01 nan 9.460367552072915243e-02 nan 3.190566076503217552e+00 nan 8.208940998997382721e-02 nan 4.159023301202350795e-04 nan 3.042170298242452553e-01 nan
3.872038781812553225e+03 3.432163953474530871e+01 nan 9.305775990101133877e-02 nan 3.193894891233387767e+00 nan 8.857932708375626518e-02 nan 5.097607682005602910e-04 nan 3.027840628640147691e-01 nan
4.198707084443910389e+03 3.414533451672055264e+01 nan 9.368509233508495737e-02 nan 3.198908817011328232e+00 nan 8.680724618337976040e-02 nan 4.908757682687293336e-04 nan 3.011629760700750835e-01 nan
4.552935074866947616e+03 3.521858902258175306e+01 nan 9.082205238383042611e-02 nan 3.198624537093515130e+00 nan 7.405602943505762426e-02 nan 4.359748334368818319e-03 nan 3.104444915009781925e-01 nan
4.937047852839004008e+03 3.484977047875273115e+01 nan 9.191527833967287620e-02 nan 3.203226353628272349e+00 nan 8.582872117519801947e-02 nan -1.249098442589640203e-03 nan 3.015735073272190481e-01 nan
5.353566677410723969e+03 3.538440897680630570e+01 nan 9.052387339481217376e-02 nan 3.203133758366669248e+00 nan 8.056311873859334227e-02 nan 4.230665975039451729e-03 nan 3.105231072391833047e-01 nan
5.805225516094895283e+03 3.558087852807507545e+01 nan 9.015728554059924960e-02 nan 3.207875425241041523e+00 nan 8.381412787533504272e-02 nan 9.865000824246300190e-04 nan 3.029449850171413994e-01 nan
6.294988990221887434e+03 3.566161913374597958e+01 nan 9.002603969414156582e-02 nan 3.210474339691973711e+00 nan 6.969190820176685008e-02 nan 3.288872035217993862e-03 nan 3.107139009216876024e-01 nan
6.826071834272385786e+03 3.602610892009665378e+01 nan 8.918346454437284243e-02 nan 3.212933207547154169e+00 nan 6.885923563636842104e-02 nan 4.825573450136517138e-03 nan 3.108678494873182152e-01 nan
7.401959996915644297e+03 3.630406804895440587e+01 nan 8.849525641493494188e-02 nan 3.212737810897467128e+00 nan 6.640283780901157229e-02 nan 4.698568765801452822e-03 nan 3.094367218937139064e-01 nan
8.026433522257173536e+03 3.648788537954431632e+01 nan 8.798767805915132245e-02 nan 3.210484311834560067e+00 nan 5.818425685337524911e-02 nan 5.541428989982089513e-03 nan 3.133609874003883133e-01 nan
8.703591361485165180e+03 3.669130166940581006e+01 nan 8.756360023708843754e-02 nan 3.212822471558265836e+00 nan 5.868869338143412051e-02 nan 4.088741432885314303e-03 nan 3.099290110496851769e-01 nan
9.437878277775382230e+03 3.709599359738920299e+01 nan 8.650913279074022577e-02 nan 3.209142236120992031e+00 nan 4.643944318684534167e-02 nan 1.130071524412305621e-02 nan 3.223788063195507370e-01 nan
1.023411402105452726e+04 3.717513405915477165e+01 nan 8.639049573169808871e-02 nan 3.211578260262714757e+00 nan 4.407241765741520823e-02 nan 6.141515875510186219e-03 nan 3.144946955343324024e-01 nan
1.109752496412072105e+04 3.741188393447772853e+01 nan 8.583420800028739028e-02 nan 3.211219427314571551e+00 nan 3.233318697646847539e-02 nan 1.119341627481465484e-02 nan 3.157656639064165272e-01 nan
1.203377840777590427e+04 3.747572405574058507e+01 nan 8.559904262278993092e-02 nan 3.207886100767252557e+00 nan 2.529697895230320626e-02 nan 1.155274834590234306e-02 nan 3.224610704025474006e-01 nan
1.304901978014401539e+04 3.761412008426937348e+01 nan 8.522427198263428372e-02 nan 3.205636000449239909e+00 nan 1.741997907774095466e-02 nan 7.340945789771810212e-03 nan 3.177911698986667366e-01 nan
1.414991297434575972e+04 3.773513138815196299e+01 nan 8.493177472733427769e-02 nan 3.204911678364883443e+00 nan 1.679482125878362098e-02 nan 4.773718734733096124e-03 nan 3.094730366073091266e-01 nan
1.534368408930013175e+04 3.778011708063051799e+01 nan 8.468836441281323013e-02 nan 3.199536322883186568e+00 nan 8.670646276966120780e-03 nan 6.150462563665767476e-03 nan 3.126293276311026270e-01 nan
1.663816886076127412e+04 3.787852736929160358e+01 nan 8.455318072344958358e-02 nan 3.202749970193844220e+00 nan -4.297858969702694765e-03 nan 1.080637574892075355e-02 nan 3.164514786458166862e-01 nan
1.804186409392071801e+04 3.798427246903223420e+01 nan 8.418204631298496776e-02 nan 3.197593784153111240e+00 nan -4.050897344347159645e-03 nan 1.224512190113247884e-02 nan 3.208505040771021943e-01 nan
1.956398343517064859e+04 3.792643134848878361e+01 nan 8.424575579263170189e-02 nan 3.195140873470797782e+00 nan -1.644481088949145686e-02 nan 1.226283711990715404e-02 nan 3.176241190275991277e-01 nan
2.121451784910627612e+04 3.811835857873419542e+01 nan 8.379870012230360155e-02 nan 3.194268899693785801e+00 nan -2.499278253454306764e-02 nan 1.026379348108249351e-02 nan 3.171325425798638964e-01 nan
2.300430119772916805e+04 3.795928934389652198e+01 nan 8.411657569449883243e-02 nan 3.193005435405254833e+00 nan -3.464153276903125800e-02 nan 1.222181976676002015e-02 nan 3.246670229289858045e-01 nan
2.494508135230316475e+04 3.802831433172380571e+01 nan 8.386219270714813379e-02 nan 3.189137824815025279e+00 nan -3.615388213287751284e-02 nan 1.365502738112855767e-02 nan 3.219727025210263327e-01 nan
2.704959730463137021e+04 3.804346661358246706e+01 nan 8.387802124837875906e-02 nan 3.191010700976057990e+00 nan -4.733007604595185214e-02 nan 9.859697206204677197e-03 nan 3.210347322694304673e-01 nan
2.933166278390042498e+04 3.802793769397503354e+01 nan 8.388640269641807479e-02 nan 3.190026895111085725e+00 nan -5.928188928889133180e-02 nan 1.213056052296718201e-02 nan 3.259519757708930765e-01 nan
3.180625692794119095e+04 3.784633053507027967e+01 nan 8.416667691349558056e-02 nan 3.185399874506622542e+00 nan -6.371907613521932134e-02 nan 1.199319993773900576e-02 nan 3.205668501233364664e-01 nan
3.448962260405760026e+04 3.811574901408810234e+01 nan 8.351051803637735138e-02 nan 3.183065945511036610e+00 nan -7.342242492750639116e-02 nan 1.228946582947561088e-02 nan 3.178926088787113469e-01 nan
3.739937302478794300e+04 3.798417911032431959e+01 nan 8.395133654574316040e-02 nan 3.188822603904623687e+00 nan -7.941568192525494396e-02 nan 1.012003297635150935e-02 nan 3.216353952045851172e-01 nan
4.055460735840827692e+04 3.792492843815484349e+01 nan 8.399926211908949336e-02 nan 3.185666004724279965e+00 nan -9.478117748829051337e-02 nan 1.299283861290938431e-02 nan 3.261157125603271201e-01 nan
4.397603609302721452e+04 3.801565651244173694e+01 nan 8.378856524678053586e-02 nan 3.185277316091922106e+00 nan -9.246213894153454405e-02 nan 1.328188782290953829e-02 nan 3.203829383332907343e-01 nan
4.768611697714474576e+04 3.744358684898541867e+01 nan 8.497785086603663884e-02 nan 3.181875539142573484e+00 nan -1.139122342297218538e-01 nan 1.196865094359523748e-02 nan 3.202499034973627090e-01 nan
5.170920242896755371e+04 3.800204678113620105e+01 nan 8.357983868560031615e-02 nan 3.176204939690000284e+00 nan -1.318204901281605501e-01 nan 1.367562426219337025e-02 nan 3.310994550122458580e-01 nan
5.607169938205458311e+04 3.795037014549322407e+01 nan 8.364850778806491582e-02 nan 3.174491832675236491e+00 nan -1.464587498524432263e-01 nan 1.437054542380285932e-02 nan 3.300265487982328438e-01 nan
6.080224261649427353e+04 3.766142936661700702e+01 nan 8.424103334155960687e-02 nan 3.172637726963975169e+00 nan -1.500680096997011326e-01 nan 8.975900397335935185e-03 nan 3.130426133742335582e-01 nan
6.593188271333542070e+04 3.757480525837772944e+01 nan 8.427307005066282664e-02 nan 3.166544195679280360e+00 nan -1.685465132040584457e-01 nan 1.195968976726559732e-02 nan 3.247521617680130257e-01 nan
7.149428986597576295e+04 3.765772484643124329e+01 nan 8.396775635161664308e-02 nan 3.162034664661359074e+00 nan -1.771740474115861552e-01 nan 1.135575382177957809e-02 nan 3.143102220583841588e-01 nan
7.752597488629464351e+04 3.764623336974924683e+01 nan 8.394814785660136003e-02 nan 3.160331565167829648e+00 nan -2.030479045033839469e-01 nan 1.020280336009835552e-02 nan 3.182534471960897227e-01 nan
8.406652885618316941e+04 3.734386172412327909e+01 nan 8.436786130128777483e-02 nan 3.150621746395302125e+00 nan -2.143866802555978168e-01 nan 7.157539727940109321e-03 nan 3.161608280372361635e-01 nan
9.115888299750818987e+04 3.700850055445329190e+01 nan 8.501340190716176470e-02 nan 3.146218531617156700e+00 nan -2.331477359577505126e-01 nan 8.177730568351198812e-03 nan 3.200977374632368866e-01 nan
9.884959046625586052e+04 3.674976152180913402e+01 nan 8.540021780983929334e-02 nan 3.138437638422151288e+00 nan -2.511851206803892289e-01 nan 1.085038127314949877e-02 nan 3.264689459389304438e-01 nan
1.071891319205128675e+05 3.718730492727517145e+01 nan 8.393183033509273028e-02 nan 3.121198567775417487e+00 nan -2.773434356566819581e-01 nan 1.201334684651455577e-02 nan 3.162848724227820818e-01 nan
1.162322468679851881e+05 3.648966146498791829e+01 nan 8.528081617665002334e-02 nan 3.111868111743824716e+00 nan -3.017059707704672356e-01 nan 6.625551671274433965e-03 nan 3.102690144296848529e-01 nan
1.260382929679727386e+05 3.607583636571518326e+01 nan 8.593054824700264993e-02 nan 3.100016397375061405e+00 nan -3.223984594472439902e-01 nan 9.941883753059535186e-03 nan 3.208017536057382602e-01 nan
1.366716356462007388e+05 3.611686911478314954e+01 nan 8.539167841740556708e-02 nan 3.084080072893089941e+00 nan -3.543831355920157300e-01 nan 1.123954459210024272e-02 nan 3.227951123545014789e-01 nan
1.482020705798857089e+05 3.566299014511765364e+01 nan 8.574258777298526812e-02 nan 3.057837062764858782e+00 nan -3.663241915317341224e-01 nan 1.190391176645789507e-02 nan 3.273519941613414197e-01 nan
1.607052818261638458e+05 3.530282674252909914e+01 nan 8.586600031021859869e-02 nan 3.031312532025597140e+00 nan -4.014738919191365163e-01 nan 1.035183120887378169e-02 nan 3.157124888890747716e-01 nan
1.742633386009650712e+05 3.476630459373500770e+01 nan 8.619000309896493461e-02 nan 2.996507900673579083e+00 nan -4.403371736533130409e-01 nan 8.330844592895387743e-03 nan 3.227350656373652038e-01 nan
1.889652339691207744e+05 3.411775855413233671e+01 nan 8.677644965229569518e-02 nan 2.960617957421845414e+00 nan -4.643230510460063520e-01 nan 8.115893972652386476e-03 nan 3.176880336002422256e-01 nan
2.049074689815845923e+05 3.363353854187683112e+01 nan 8.681455391033611468e-02 nan 2.919880644939133685e+00 nan -5.034583411544488740e-01 nan 6.786500430414970156e-03 nan 2.966615627832561719e-01 nan
2.221946860939523904e+05 3.287793285928093923e+01 nan 8.763571970369406217e-02 nan 2.881281308492817050e+00 nan -5.395714671569851184e-01 nan 2.895238098310815716e-03 nan 3.055531120494255348e-01 nan
2.409403560239526851e+05 3.218783699781777585e+01 nan 8.795377787848987494e-02 nan 2.831041865695103077e+00 nan -5.742618769491394382e-01 nan 3.860771058446336133e-03 nan 3.116428843873484400e-01 nan
2.612675225563326385e+05 3.145062502717168940e+01 nan 8.807265832254422555e-02 nan 2.769940152048550264e+00 nan -6.149434999958640624e-01 nan -8.007381481032942259e-04 nan 2.966685579452610910e-01 nan
2.833096101839324110e+05 3.061124196135263986e+01 nan 8.853123541018975695e-02 nan 2.710051068278789277e+00 nan -6.560741306086761426e-01 nan 7.301642288659268044e-04 nan 2.833396618039902837e-01 nan
3.072112998861758970e+05 2.960886691966161166e+01 nan 8.924496159869915735e-02 nan 2.642442191226194392e+00 nan -6.966997918568722525e-01 nan -1.547399898191202921e-03 nan 2.867743968366632812e-01 nan
3.331294787934669876e+05 2.857516702507972539e+01 nan 8.953153850897824229e-02 nan 2.558378666906410803e+00 nan -7.402255904488228566e-01 nan -3.618787386066300935e-03 nan 2.852542131373212997e-01 nan
3.612342699709430453e+05 2.768926368230764723e+01 nan 8.967730933343649735e-02 nan 2.483098664453391891e+00 nan -7.890981273800812268e-01 nan -2.168776376341564546e-03 nan 2.884338850169849700e-01 nan
3.917101490809260868e+05 2.660987705711548301e+01 nan 9.022639884167894808e-02 nan 2.400913380483343573e+00 nan -8.277832452415996300e-01 nan -2.908480164722992804e-03 nan 2.902815250695314764e-01 nan
4.247571552536893869e+05 2.542978601324465160e+01 nan 9.103216685738838021e-02 nan 2.314928523505368485e+00 nan -8.713496151917530241e-01 nan -2.612936004033392275e-03 nan 2.962568773264253053e-01 nan
4.605922041145103867e+05 2.421328445000337481e+01 nan 9.204230254382210485e-02 nan 2.228646452926833721e+00 nan -9.120568152319554756e-01 nan -3.811553771332613742e-03 nan 2.928050716199254166e-01 nan
4.994505115855140029e+05 2.310225017086598953e+01 nan 9.195437987184174045e-02 nan 2.124353088106131882e+00 nan -9.595229622973775463e-01 nan -5.831021557048297714e-03 nan 2.699281250828720058e-01 nan
5.415871378079475835e+05 2.190520319693996498e+01 nan 9.247429197790753286e-02 nan 2.025668156269219811e+00 nan -1.002871182420529195e+00 nan -4.416636988893711535e-03 nan 2.887653106648364609e-01 nan
5.872786613189476775e+05 2.071418593173174116e+01 nan 9.277458312742109525e-02 nan 1.921749964640303121e+00 nan -1.046168801660421366e+00 nan -6.975702912665512900e-03 nan 2.772227061527892111e-01 nan
6.368249944718586048e+05 1.962161385757957532e+01 nan 9.313697344091845243e-02 nan 1.827497728721346304e+00 nan -1.088709987346961228e+00 nan -9.270891128889505476e-04 nan 2.866649511019422891e-01 nan
6.905513520162330242e+05 1.831726718173003476e+01 nan 9.399403252351831717e-02 nan 1.721713807221507464e+00 nan -1.132268642988424112e+00 nan -5.431922548800005059e-03 nan 2.759142257844810486e-01 nan
7.488103857590014813e+05 1.739087987192319318e+01 nan 9.402517815473991625e-02 nan 1.635180578225258641e+00 nan -1.163185606056652333e+00 nan -4.753254985974281763e-04 nan 3.017213195425092476e-01 nan
8.119844993184008636e+05 1.621266710404109190e+01 nan 9.462291022618007919e-02 nan 1.534089743912623094e+00 nan -1.196341934709732158e+00 nan -4.376763394878506290e-03 nan 2.985136756495220811e-01 nan
8.804883581643464277e+05 1.514148831306687626e+01 nan 9.506003592737262420e-02 nan 1.439350423034029935e+00 nan -1.237185147026074405e+00 nan -3.774678506884064731e-03 nan 2.914377494492011444e-01 nan
9.547716114208066138e+05 1.412895307885585261e+01 nan 9.509126915233975796e-02 nan 1.343540080062261444e+00 nan -1.274903714653453202e+00 nan -4.636510897617692785e-03 nan 3.000935899448500255e-01 nan
1.035321843295661616e+06 1.313507300323902882e+01 nan 9.525896318472766577e-02 nan 1.251233435644256931e+00 nan -1.308010157224992698e+00 nan -2.737649405556789525e-03 nan 2.968877656328990922e-01 nan
1.122667773510813480e+06 1.215236873000058537e+01 nan 9.537748847712312905e-02 nan 1.159062408515382225e+00 nan -1.341000218062341043e+00 nan -4.873373383592409860e-03 nan 2.699564123719965236e-01 nan
1.217382727739661932e+06 1.132982933681173066e+01 nan 9.579450472599936039e-02 nan 1.085335389949977580e+00 nan -1.371956726351265754e+00 nan 6.726651472849881587e-04 nan 2.829209935733960624e-01 nan
1.320088400831416715e+06 1.056961174624390232e+01 nan 9.574531131077064494e-02 nan 1.011990767078100539e+00 nan -1.400232267741547076e+00 nan -5.626169821806870910e-04 nan 3.022895333185120492e-01 nan
1.431458937523478642e+06 9.778821402208503599e+00 nan 9.564722954494395135e-02 nan 9.353171753360474128e-01 nan -1.434459641796068441e+00 nan 2.675478267169457362e-03 nan 3.141668042448607645e-01 nan
1.552225357427048031e+06 9.086119159659615363e+00 nan 9.573313987040590889e-02 nan 8.698427163908689641e-01 nan -1.463592873064557764e+00 nan -5.755512649212711105e-04 nan 2.887653664780950868e-01 nan
1.683180353330954909e+06 8.447853044193445626e+00 nan 9.540110282433870992e-02 nan 8.059344969140016524e-01 nan -1.488550949175619920e+00 nan -2.889934098304583910e-04 nan 3.015954695602987568e-01 nan
1.825183494319042424e+06 7.747285150983981517e+00 nan 9.525831014234238669e-02 nan 7.379932916735959525e-01 nan -1.522027958508872736e+00 nan 2.540641379174631205e-04 nan 3.072464389617141078e-01 nan
1.979166867853557458e+06 7.186346751413741352e+00 nan 9.506490934531630632e-02 nan 6.831694024471556270e-01 nan -1.548810468594733258e+00 nan 2.081130911158670261e-03 nan 3.188907866353368203e-01 nan
2.146141197858405765e+06 6.622056760294673161e+00 nan 9.484182066022217583e-02 nan 6.280479196616792770e-01 nan -1.575439180493722446e+00 nan -2.257542496437854010e-04 nan 2.983713941972750416e-01 nan
2.327202478960407432e+06 6.167071397806206612e+00 nan 9.444158393742134450e-02 nan 5.824279910639852398e-01 nan -1.605589668839781936e+00 nan 4.284189966359468020e-03 nan 3.160096216366771182e-01 nan
2.523539170434765983e+06 5.647941103666566320e+00 nan 9.450294606383742579e-02 nan 5.337470734915319426e-01 nan -1.627685270373995685e+00 nan -7.076105704766429312e-04 nan 3.127292586776833638e-01 nan
2.736439997074672021e+06 5.151188339487877244e+00 nan 9.347226699787229698e-02 nan 4.814932518249372961e-01 nan -1.662116733856081829e+00 nan 4.332438882957030495e-03 nan 2.924915695686921557e-01 nan
2.967302408188866451e+06 4.777699737159283089e+00 nan 9.326467248312383940e-02 nan 4.455906012088673984e-01 nan -1.696659788823729365e+00 nan 2.647942839620991140e-03 nan 3.085862920491228567e-01 nan
3.217641750250735320e+06 4.363148765621740033e+00 nan 9.231330952142695334e-02 nan 4.027767024888716518e-01 nan -1.722914101462785119e+00 nan 2.419961359883764703e-03 nan 3.099219589648218864e-01 nan
3.489101213406773750e+06 4.010927715650737468e+00 nan 9.115217074521943241e-02 nan 3.656047679837289843e-01 nan -1.756500598441552263e+00 nan 3.985126441451954278e-03 nan 3.295653544123074985e-01 nan
3.783462617131925188e+06 3.737819793126045731e+00 nan 8.983308651946085577e-02 nan 3.357798888700453399e-01 nan -1.779072991659023550e+00 nan 6.193927078264146145e-03 nan 3.284068470967665965e-01 nan
4.102658105827190448e+06 3.400156684488767844e+00 nan 8.923372977273602569e-02 nan 3.034086627686327642e-01 nan -1.820618489464819412e+00 nan 6.340218840870262204e-03 nan 3.123127991839049766e-01 nan
4.448782831127584912e+06 3.122038607249430164e+00 nan 8.785600922379306621e-02 nan 2.742898526755440103e-01 nan -1.863700708786824478e+00 nan 7.486440676766054243e-03 nan 3.081959130978375594e-01 nan
4.824108704165373929e+06 2.862329695570648980e+00 nan 8.621975422736502526e-02 nan 2.467893628697898911e-01 nan -1.896867091107522718e+00 nan 7.505300400619956819e-03 nan 3.249156141020564936e-01 nan
5.231099308056258596e+06 2.577878169443732936e+00 nan 8.468475457652895055e-02 nan 2.183069801075342431e-01 nan -1.934249933603070737e+00 nan 1.162557290822156114e-02 nan 3.411200837247517215e-01 nan
5.672426068491977639e+06 2.381626791996963366e+00 nan 8.336754320725976719e-02 nan 1.985503744853742980e-01 nan -1.985262583527720004e+00 nan 1.491353256951539683e-02 nan 3.238567935344249249e-01 nan
6.150985788580504246e+06 2.153553884766206572e+00 nan 8.129050164027665226e-02 nan 1.750634756020114646e-01 nan -2.010534356645576892e+00 nan 1.509084523585077497e-02 nan 3.194729204753568030e-01 nan
6.669919663030114956e+06 1.933438194782981290e+00 nan 7.937429358194254825e-02 nan 1.534652908952453820e-01 nan -2.066090581992889419e+00 nan 1.830687780802593700e-02 nan 3.428025543034775025e-01 nan
7.232633896483534016e+06 1.786149912029279418e+00 nan 7.655013532697986511e-02 nan 1.367300174801145130e-01 nan -2.110350254486729860e+00 nan 1.916340297717828919e-02 nan 3.552055328584530214e-01 nan
7.842822061337681487e+06 1.618127181166087780e+00 nan 7.461345616444849116e-02 nan 1.207340615004384998e-01 nan -2.138821475579288034e+00 nan 2.013510607273344410e-02 nan 3.272673013782357865e-01 nan
8.504489341802686453e+06 1.466436488531506432e+00 nan 7.130292811946130349e-02 nan 1.045612155335172433e-01 nan -2.153118150385128438e+00 nan 2.190950080025269586e-02 nan 3.331474620055751568e-01 nan
9.221978823334321380e+06 1.409937373167815977e+00 nan 6.815373002199912045e-02 nan 9.609249107880594998e-02 nan -2.212773972734904060e+00 nan 6.367658917278176157e-03 nan 3.097239682230790159e-01 nan
1.000000000000000000e+07 1.250923445535564005e+00 nan 6.640672499604600987e-02 nan 8.306972923878654103e-02 nan -2.326776953422765359e+00 nan -8.564655755962493136e-03 nan 3.010019575197721564e-01 nan
