1.000000000000000000e+00 6.697366643885706239e+00 nan 9.992250668805804925e-02 nan 6.692176632660463698e-01 nan -1.781666404224946376e-03 nan -2.964920882060191609e-03 nan 3.912386999563435719e+00 nan
1.176811952434998476e+00 6.674594908746322552e+00 nan 9.985700974265251939e-02 nan 6.665050888309403954e-01 nan 1.860731064617926478e-03 nan -2.956694927053731253e-03 nan 3.922513229377950328e+00 nan
1.384886371393873050e+00 6.695423275001586738e+00 nan 9.993267127507521330e-02 nan 6.690915331882211214e-01 nan -5.444264977779944559e-03 nan -2.841737816507414627e-03 nan 3.924828488440338603e+00 nan
1.629750834620644184e+00 6.703285828181612338e+00 nan 9.992407038197344271e-02 nan 6.698196048857045781e-01 nan 7.311169665222827518e-04 nan -2.818046133529253459e-03 nan 3.914985604391210572e+00 nan
1.917910261672488570e+00 6.702512180186407598e+00 nan 9.994937315263392741e-02 nan 6.699118909575252356e-01 nan -1.452625074405133887e-04 nan -2.915315627023601797e-03 nan 3.915712350052876545e+00 nan
2.257019719633920118e+00 6.697509857796539734e+00 nan 9.994857901065695716e-02 nan 6.694065931966313165e-01 nan -1.246372724128086418e-03 nan -2.875561346038141286e-03 nan 3.914850058787264331e+00 nan
2.656087782946686016e+00 6.703121413847057397e+00 nan 9.987107284855430145e-02 nan 6.694479270350237599e-01 nan -2.795302695020041028e-04 nan -3.002623713438563272e-03 nan 3.915164737817429241e+00 nan
3.125715849688236236e+00 6.706347551219363545e+00 nan 9.988236673452703662e-02 nan 6.698458655600898481e-01 nan 3.142768246560123657e-04 nan -2.939991057297033743e-03 nan 3.914907775260189293e+00 nan
3.678379771828633515e+00 6.698370614978947479e+00 nan 1.000219385271420292e-01 nan 6.699840138834388670e-01 nan 5.485309974808671996e-04 nan -2.817477601948387492e-03 nan 3.914538714885121617e+00 nan
4.328761281083058243e+00 6.698612246617086541e+00 nan 1.000101621573464689e-01 nan 6.699292970133617908e-01 nan -1.560942089728456494e-03 nan -2.921612162279329378e-03 nan 3.914490217684103435e+00 nan
5.094138014816379290e+00 6.706599425311557283e+00 nan 9.988868095242313394e-02 nan 6.699133702706504545e-01 nan 5.089452760294044253e-04 nan -3.057606958068361663e-03 nan 3.914273330499840498e+00 nan
5.994842503189410365e+00 6.706958206870194061e+00 nan 9.990148740554977147e-02 nan 6.700351008331913993e-01 nan -1.272923525279967549e-03 nan -2.912447424280311271e-03 nan 3.913968540435195376e+00 nan
7.054802310718641500e+00 6.713700899060222937e+00 nan 9.970953139382310315e-02 nan 6.694199705635837105e-01 nan 4.083618424406409986e-04 nan -2.968985824499231416e-03 nan 3.915470921995420461e+00 nan
8.302175681319743816e+00 6.702552555784824229e+00 nan 9.991300293492792750e-02 nan 6.696721531776378411e-01 nan -2.993274172675697287e-04 nan -2.958134419102529007e-03 nan 3.914591949775541035e+00 nan
9.770099572992251069e+00 6.725734205186924441e+00 nan 9.963952574348212965e-02 nan 6.701489664815408753e-01 nan -6.688928360074619661e-04 nan -3.075238863832337795e-03 nan 3.921150055625960640e+00 nan
1.149756995397735615e+01 6.693295579809668716e+00 nan 1.000697287404204855e-01 nan 6.697962730510089724e-01 nan -1.039439949132692220e-03 nan -2.783856001874404629e-03 nan 3.915860466560685538e+00 nan
1.353047774579806806e+01 6.699777749365630974e+00 nan 9.993556789064091117e-02 nan 6.695460941239343988e-01 nan 1.655960026733627188e-03 nan -2.913126405861444102e-03 nan 3.914817317836615018e+00 nan
1.592282793341092173e+01 6.735248908802112133e+00 nan 9.953304509792217092e-02 nan 6.703798333855317537e-01 nan 3.025449835964533207e-03 nan -3.131803717916755402e-03 nan 3.915122272205852294e+00 nan
1.873817422860383886e+01 6.742295282721873839e+00 nan 9.918100735794907474e-02 nan 6.687076380451034696e-01 nan -1.020862913181819209e-03 nan -3.143050771324536023e-03 nan 3.915323865622697408e+00 nan
2.205130739903045622e+01 6.720910266343680384e+00 nan 9.975020703576420456e-02 nan 6.704121905365753031e-01 nan 1.704076960694855813e-03 nan -3.011324544028921423e-03 nan 3.913126088164932792e+00 nan
2.595024211399735847e+01 6.766545922959800841e+00 nan 9.876514396414916297e-02 nan 6.682988822211513025e-01 nan 5.139814747374238380e-03 nan -3.332273418749237288e-03 nan 3.913981369243335173e+00 nan
3.053855508833415655e+01 6.710996275326905014e+00 nan 1.000249017307048433e-01 nan 6.712667429546999021e-01 nan -1.344449519583479358e-02 nan -2.627092455950013131e-03 nan 3.914851601711942575e+00 nan
3.593813663804627367e+01 6.746672259590574150e+00 nan 9.920700608416735400e-02 nan 6.693171559050852260e-01 nan -2.017126378716094237e-02 nan -2.832716671783451663e-03 nan 3.913961779859409518e+00 nan
4.229242874389498752e+01 6.872590703540695678e+00 nan 9.740587198161511362e-02 nan 6.694306902511231172e-01 nan 3.423315330021958758e-02 nan -3.404441398935812574e-03 nan 3.913018841261359348e+00 nan
4.977023564332108663e+01 6.608147136346666173e+00 nan 1.019189267431900719e-01 nan 6.734952638975371109e-01 nan 1.183725438654734674e-01 nan -2.884288647602925755e-03 nan 3.914239363156266194e+00 nan
5.857020818056664524e+01 6.801531543336420960e+00 nan 9.806430125099488415e-02 nan 6.669874382338869534e-01 nan -6.601806245318275757e-02 nan -3.353566382347570804e-03 nan 3.913958070194039518e+00 nan
6.892612104349694846e+01 6.661346689447810832e+00 nan 1.006402207039479996e-01 nan 6.703994010115410518e-01 nan 1.139169001103779166e-02 nan -3.030898596064592835e-03 nan 3.913567454272206536e+00 nan
8.111308307896868541e+01 6.660039582359868149e+00 nan 1.005187815732286050e-01 nan 6.694590640482882549e-01 nan -2.789233429703363853e-02 nan -3.808307969351448861e-03 nan 3.913396501540903571e+00 nan
9.545484566618337396e+01 6.678892270763637562e+00 nan 1.004952114319685452e-01 nan 6.711966908817322830e-01 nan -2.981998204249158846e-03 nan -3.203973096722745415e-03 nan 3.914228017280733329e+00 nan
1.123324032978027702e+02 6.527717677314499589e+00 nan 9.937455501330963448e-02 nan 6.486890394356434886e-01 nan 1.814320915892331243e-02 nan -2.635131460737113584e-03 nan 3.926216700894283651e+00 nan
1.321941148466028721e+02 6.794011800707372650e+00 nan 9.850312265481128704e-02 nan 6.692313777233136474e-01 nan 2.298957680938551462e-02 nan -7.508412223740762144e-04 nan 3.914859171426193996e+00 nan
1.555676143930472222e+02 6.587893265348409244e+00 nan 1.019554986726048940e-01 nan 6.716719430704924942e-01 nan 2.049708839350294909e-02 nan -5.449141069343587523e-03 nan 3.912584766906247236e+00 nan
1.830738280295367701e+02 6.669919199837393897e+00 nan 1.005236379121802193e-01 nan 6.704845425479529775e-01 nan 1.399740920747660766e-02 nan -2.313289769383411205e-03 nan 3.913690354431760277e+00 nan
2.154434690031882269e+02 6.690206525586836150e+00 nan 9.908098300174657258e-02 nan 6.628722390398432696e-01 nan -1.879036253054833239e-02 nan -3.460307973693481452e-03 nan 3.917343927821340888e+00 nan
2.535364493970111539e+02 6.870834051505392281e+00 nan 9.776835415623175152e-02 nan 6.717501368962758290e-01 nan 1.285158743633640910e-02 nan -4.271902836877238679e-03 nan 3.917423193345789034e+00 nan
2.983647240283337396e+02 6.703241830498654075e+00 nan 1.001208591727782843e-01 nan 6.711343313124322751e-01 nan 4.263505859332994419e-03 nan -3.018901631381996648e-03 nan 3.921100334449208802e+00 nan
3.511191734215130964e+02 6.851364902605996399e+00 nan 9.604605980585474712e-02 nan 6.580466031874296906e-01 nan 3.047337608806222065e-02 nan -2.823918336341998438e-03 nan 3.918372445325423836e+00 nan
4.132012400115334572e+02 6.603533220678766469e+00 nan 1.003928110978986321e-01 nan 6.629472632023015732e-01 nan -1.209391881806487490e-02 nan -8.728718261359107861e-03 nan 3.920443594062870574e+00 nan
4.862601580065353346e+02 6.727790535838169994e+00 nan 9.938609512758063425e-02 nan 6.686488301932490552e-01 nan -1.125973795397516852e-02 nan -8.705866236743122974e-03 nan 3.911300564355581599e+00 nan
5.722367659350214808e+02 6.835158579947619550e+00 nan 9.758317834262462964e-02 nan 6.669964987071494988e-01 nan -1.457195355011231541e-02 nan -2.155191817738054665e-03 nan 3.917765602491564803e+00 nan
6.734150657750820983e+02 6.793851939575779930e+00 nan 9.849753467231024684e-02 nan 6.691776669769076147e-01 nan 1.411291531082570216e-02 nan -8.791556469424754560e-04 nan 3.912600451751241604e+00 nan
7.924828983539169940e+02 6.760561622238016710e+00 nan 9.888651830377363783e-02 nan 6.685284006012292002e-01 nan -1.212716341101138795e-02 nan -1.146167447421718617e-03 nan 3.918726724474112189e+00 nan
9.326033468832199560e+02 6.719581082428625507e+00 nan 9.988090928694215442e-02 nan 6.711578685403061240e-01 nan -6.417729298620500344e-03 nan 3.448123674803802233e-03 nan 3.920960387165212335e+00 nan
1.097498765493055544e+03 6.695436762285774890e+00 nan 1.002204213071153510e-01 nan 6.710194931514287253e-01 nan -1.680957642451907930e-03 nan 3.406739067662550684e-03 nan 3.916518564939494684e+00 nan
1.291549665014884113e+03 6.755210121490980768e+00 nan 9.928678660663066424e-02 nan 6.707031058154265812e-01 nan -1.851440223221390013e-02 nan -9.422395364438174159e-03 nan 3.913825638061048995e+00 nan
1.519911082952933157e+03 6.764781742858009039e+00 nan 9.916979915310303317e-02 nan 6.708620467538070065e-01 nan 2.903972707710700263e-04 nan 5.704246199545645254e-03 nan 3.918059339853587897e+00 nan
1.788649529057435075e+03 6.766226683710225842e+00 nan 9.897336207315175771e-02 nan 6.696762034358730853e-01 nan -2.445611367867250863e-02 nan -8.821928036145704199e-03 nan 3.913988316476672225e+00 nan
2.104904144512019684e+03 6.787030251587067298e+00 nan 9.893829577331021696e-02 nan 6.714972064539252994e-01 nan -1.995393260973710170e-02 nan 3.399438573843076641e-03 nan 3.920547133234307591e+00 nan
2.477076355991709079e+03 6.797525100646348406e+00 nan 9.854068467630293371e-02 nan 6.698327775220461744e-01 nan -1.836125366181873275e-02 nan 4.532519009621749188e-03 nan 3.917595915916742388e+00 nan
2.915053062825175857e+03 6.782359177268830308e+00 nan 9.900272350859400106e-02 nan 6.714720303631210863e-01 nan -3.425851339171837040e-02 nan -1.047492968202450719e-02 nan 3.912530468190100752e+00 nan
3.430469286314915735e+03 6.897393023665948419e+00 nan 9.725531634890208221e-02 nan 6.708081404993421204e-01 nan -4.008764835974254481e-02 nan 3.796768100468001818e-03 nan 3.916139613274755238e+00 nan
4.037017258596553802e+03 6.924074112242005974e+00 nan 9.719081594733136598e-02 nan 6.729564126485946263e-01 nan -5.567069767288312931e-02 nan -2.654211916311863262e-03 nan 3.917318530794693832e+00 nan
4.750810162102793583e+03 6.918812639240458751e+00 nan 9.743773667367670865e-02 nan 6.741534440368179837e-01 nan -6.453743558715840933e-02 nan 3.445387637513712019e-04 nan 3.919156686933593647e+00 nan
5.590810182512223037e+03 6.926297448590903016e+00 nan 9.600771628894529119e-02 nan 6.649780003771610382e-01 nan -8.913381676295140110e-02 nan 1.132349503297183820e-03 nan 3.919485661984584368e+00 nan
6.579332246575675526e+03 6.960564340376045323e+00 nan 9.643873036869897442e-02 nan 6.712679876355064357e-01 nan -1.023699316238331214e-01 nan 1.931758178490833658e-03 nan 3.915607022248414282e+00 nan
7.742636826811270112e+03 6.972812658351460691e+00 nan 9.606419000117934204e-02 nan 6.698376000545031017e-01 nan -1.385481737676736991e-01 nan -4.972209170372263176e-03 nan 3.914585388784431963e+00 nan
9.111627561154886280e+03 6.926559636339108650e+00 nan 9.651486549635969470e-02 nan 6.685159716537831809e-01 nan -1.760204615716762788e-01 nan 4.094577073900931911e-05 nan 3.920923388521945885e+00 nan
1.072267222010323167e+04 6.948865432338685366e+00 nan 9.547923715451253623e-02 nan 6.634723705690596107e-01 nan -2.092506757583660892e-01 nan 1.006479196674038611e-03 nan 3.911111994401488712e+00 nan
1.261856883066020964e+04 6.860552012740075867e+00 nan 9.518354230347240985e-02 nan 6.530116427298178206e-01 nan -2.454242170287921354e-01 nan 1.614816362887715575e-04 nan 3.919773492978389839e+00 nan
1.484968262254463480e+04 6.766959014416459084e+00 nan 9.519529458811065714e-02 nan 6.441826568430457645e-01 nan -2.950436247894985264e-01 nan 8.169843377691032513e-04 nan 3.921249813032741116e+00 nan
1.747528400007683013e+04 6.628335813095914020e+00 nan 9.531111797472734126e-02 nan 6.317540966580948991e-01 nan -3.437869598706786434e-01 nan -4.847496541622378641e-03 nan 3.913837202659644632e+00 nan
2.056512308348651641e+04 6.531383073264259487e+00 nan 9.512639585227158912e-02 nan 6.213069316901621564e-01 nan -4.101922189997617707e-01 nan -5.743883059762413743e-03 nan 3.923115339321627815e+00 nan
2.420128264794383358e+04 6.274995260921767404e+00 nan 9.533387235991946929e-02 nan 5.982195972638153503e-01 nan -4.730520199541836668e-01 nan 1.115189003820132732e-03 nan 3.912407231403734809e+00 nan
2.848035868435799057e+04 6.027923545226283153e+00 nan 9.589999444472616097e-02 nan 5.780778345004345953e-01 nan -5.382334424158514707e-01 nan -2.879048386188280077e-03 nan 3.910829957463971773e+00 nan
3.351602650938840816e+04 5.698704079383605681e+00 nan 9.612550157624975833e-02 nan 5.477907879653697298e-01 nan -6.096865796742552135e-01 nan 6.300620434609073442e-05 nan 3.911011117024390860e+00 nan
3.944206059437656222e+04 5.368489536100835124e+00 nan 9.626694550925636584e-02 nan 5.168080896388320689e-01 nan -6.906999829039168759e-01 nan -1.202542680019697040e-03 nan 3.921379836990405821e+00 nan
4.641588833612772578e+04 4.941706344487787561e+00 nan 9.643400285189894505e-02 nan 4.765485237175823841e-01 nan -7.730973669887473143e-01 nan 3.000410520130317518e-03 nan 3.914230511418744118e+00 nan
5.462277217684336938e+04 4.496591441721156102e+00 nan 9.686732750672151504e-02 nan 4.355727958491243390e-01 nan -8.356099484765193708e-01 nan -3.968455590286801174e-04 nan 3.906310579145853890e+00 nan
6.428073117284318869e+04 4.052453274885833068e+00 nan 9.762979254651710237e-02 nan 3.956401725315577544e-01 nan -8.920883064030808995e-01 nan 1.141957424150463968e-03 nan 3.916810127243606665e+00 nan
7.564633275546290679e+04 3.624804309221702603e+00 nan 9.761951528127260636e-02 nan 3.538516396556907750e-01 nan -9.611979302371675971e-01 nan 2.769297596648296732e-03 nan 3.911449961018730104e+00 nan
8.902150854450374027e+04 3.163397367006713701e+00 nan 9.810097331910759555e-02 nan 3.103323606984608185e-01 nan -1.011419108364102648e+00 nan 3.217192579711105303e-03 nan 3.911099610525012427e+00 nan
1.047615752789664111e+05 2.807896600513266616e+00 nan 9.746591246089944538e-02 nan 2.736742042648832030e-01 nan -1.066944951361390892e+00 nan -2.361009585173274271e-03 nan 3.917159270892004663e+00 nan
1.232846739442065882e+05 2.461634265134913235e+00 nan 9.891443466986861444e-02 nan 2.434911616997974260e-01 nan -1.119486960999433567e+00 nan -4.453258452672690000e-03 nan 3.906672351737193516e+00 nan
1.450828778495940205e+05 2.151253084483268907e+00 nan 9.905844794986501389e-02 nan 2.130997916962724392e-01 nan -1.137306148013241813e+00 nan -1.068179759412703558e-03 nan 3.917064258071781158e+00 nan
1.707352647470688680e+05 1.841858449142327991e+00 nan 9.825661710054828246e-02 nan 1.809747803907874042e-01 nan -1.141098226181917141e+00 nan -6.118034276880820630e-04 nan 3.915064291645935945e+00 nan
2.009233002565045899e+05 1.581961936914131783e+00 nan 9.955163313696417660e-02 nan 1.574868943803169052e-01 nan -1.166259336610933950e+00 nan 1.119570433949981705e-03 nan 3.916668057936831815e+00 nan
2.364489412645407137e+05 1.334290770013830896e+00 nan 9.926456892821899913e-02 nan 1.324477981103243107e-01 nan -1.145372194375577912e+00 nan -2.861290128210430394e-03 nan 3.921036373342045245e+00 nan
2.782559402207125677e+05 1.186151355631909210e+00 nan 9.873884805342834914e-02 nan 1.171192184721071283e-01 nan -1.143380986688620427e+00 nan 5.459913836742879894e-04 nan 3.907000644150476099e+00 nan
3.274549162877724739e+05 1.016565443288046877e+00 nan 9.844168585254930992e-02 nan 1.000724160167194426e-01 nan -1.109475521686237087e+00 nan -4.111183108037961415e-04 nan 3.898268452863871136e+00 nan
3.853528593710527639e+05 8.773302617462369613e-01 nan 9.793550310498981559e-02 nan 8.592178057335012054e-02 nan -1.107335648451281962e+00 nan -2.306019198510269284e-03 nan 3.922900034383324908e+00 nan
4.534878508128582034e+05 7.760764626399795363e-01 nan 9.766556010659165066e-02 nan 7.579594240927595150e-02 nan -1.032688847541960442e+00 nan 3.682655610853479301e-03 nan 3.913542143801893580e+00 nan
5.336699231206302065e+05 7.088412636924863452e-01 nan 9.782084544631221290e-02 nan 6.933945170163134664e-02 nan -9.872186090703927164e-01 nan -9.751640231031185289e-04 nan 3.894450292964442895e+00 nan
6.280291441834246507e+05 6.257161621755136238e-01 nan 9.762243111843041388e-02 nan 6.108393294166770959e-02 nan -9.777318356550872558e-01 nan 4.532654576772228937e-04 nan 3.905118229886226366e+00 nan
7.390722033525775187e+05 5.494073001040949977e-01 nan 9.723721858721004474e-02 nan 5.342283773363079580e-02 nan -8.688875036054164447e-01 nan -7.205076660289934636e-04 nan 3.919539988055250834e+00 nan
8.697490026177833788e+05 5.131202603291299402e-01 nan 9.695801727158159800e-02 nan 4.975112306339023183e-02 nan -8.298062275948865363e-01 nan 1.241065567144177722e-03 nan 3.923197555358712840e+00 nan
1.023531021899024723e+06 4.778686035256959896e-01 nan 9.695618694163302131e-02 nan 4.633231765697449350e-02 nan -7.978412661980414100e-01 nan -1.237778364353877669e-04 nan 3.899921219302448172e+00 nan
1.204503540258781053e+06 4.158487702240538653e-01 nan 9.651117489398086668e-02 nan 4.013405339254052379e-02 nan -7.146515018647563444e-01 nan 1.443409406499614449e-03 nan 3.916751084963336460e+00 nan
1.417474162926804740e+06 4.100343865268133992e-01 nan 9.645149083696559489e-02 nan 3.954842787493174916e-02 nan -6.454855274624149430e-01 nan 9.679804594397835391e-04 nan 3.914975846634539014e+00 nan
1.668100537200059043e+06 3.948748807015238227e-01 nan 9.568270865932419766e-02 nan 3.778269816704930145e-02 nan -6.556942705841772856e-01 nan 2.111386436675661161e-03 nan 3.914935139668501929e+00 nan
1.963040650040268432e+06 3.901545411445376255e-01 nan 9.503518208682493196e-02 nan 3.707840785967276426e-02 nan -6.638406865153143599e-01 nan 5.000988087577426695e-03 nan 3.891198137844988025e+00 nan
2.310129700083157979e+06 3.803860921179860188e-01 nan 9.455856533454135016e-02 nan 3.596876314388944285e-02 nan -6.106153184802396439e-01 nan 3.578032150175322352e-03 nan 3.914264730316751262e+00 nan
2.718588242732940242e+06 3.869204409849068549e-01 nan 9.316968000374895031e-02 nan 3.604925367347320414e-02 nan -6.633645015287545910e-01 nan 5.650913049610870563e-03 nan 3.929438023984667350e+00 nan
3.199267137797384523e+06 3.464895677227299298e-01 nan 9.172422184672934797e-02 nan 3.178148597737703168e-02 nan -6.814362161388558548e-01 nan 5.000888390840728913e-03 nan 3.909112768576702202e+00 nan
3.764935806792463642e+06 3.406323113175283579e-01 nan 9.001194913791735197e-02 nan 3.066097828104459230e-02 nan -6.935956271155543362e-01 nan 6.951954191887772805e-03 nan 3.927723853775277441e+00 nan
4.430621457583877258e+06 3.111107533469762432e-01 nan 8.741764366198379044e-02 nan 2.719656897549729835e-02 nan -7.358102580019290073e-01 nan 1.245155715027777138e-02 nan 3.928300088943589508e+00 nan
5.214008287999684922e+06 2.856845259482485577e-01 nan 8.480904467905769906e-02 nan 2.422863172526043204e-02 nan -8.707249298702124385e-01 nan 1.230804090988913205e-02 nan 3.912198072492746981e+00 nan
6.135907273413163610e+06 2.771617344517303683e-01 nan 8.070826937615105390e-02 nan 2.236924392489150065e-02 nan -9.555940787461869590e-01 nan 1.944744737319858280e-02 nan 3.927185804435918914e+00 nan
7.220809018385455944e+06 2.603222351534010270e-01 nan 7.645548270365566668e-02 nan 1.990306214714783473e-02 nan -1.052990987783418930e+00 nan 2.333748995115712127e-02 nan 3.916870660697849171e+00 nan
8.497534359086439013e+06 2.135262303803305561e-01 nan 7.102325531425637828e-02 nan 1.516532797659294295e-02 nan -1.207159727893217349e+00 nan 2.743447528203948188e-02 nan 3.917001903307105515e+00 nan
1.000000000000000000e+07 2.209584954411216717e+00 nan 6.616755465284568372e-02 nan 1.462028332311097190e-01 nan 1.546048870362179528e+00 nan 1.656239266968986823e-02 nan -3.825083325261334988e+00 nan
