1.000000000000000000e+00 3.170515117998260735e+01 nan 1.001789217471667354e-01 nan 3.176187859041568640e+00 nan -3.458451561551001419e-04 nan -4.530592825699040344e-03 nan 2.686307584071598309e-01 nan
1.176811952434998476e+00 3.170169273227036655e+01 nan 1.001863100167278697e-01 nan 3.176075616130287660e+00 nan 5.939830307366555928e-04 nan -4.510353538179173900e-03 nan 2.710379951578552604e-01 nan
1.384886371393873050e+00 3.169815669540513170e+01 nan 1.002115018834179444e-01 nan 3.176519889382468431e+00 nan -3.129881962502523152e-04 nan -4.497055309179013791e-03 nan 2.718762185760578709e-01 nan
1.629750834620644184e+00 3.170083465430222702e+01 nan 1.002101380847068429e-01 nan 3.176745018108086072e+00 nan 4.662955419192371664e-04 nan -4.449042891209268116e-03 nan 2.724942467305966898e-01 nan
1.917910261672488570e+00 3.169994575840492956e+01 nan 1.002009337436843978e-01 nan 3.176364164616321428e+00 nan -7.906269898994011669e-05 nan -4.502447101044899577e-03 nan 2.720767168495557553e-01 nan
2.257019719633920118e+00 3.168412038625799454e+01 nan 1.002420916716077193e-01 nan 3.176082500293528899e+00 nan -3.428333735282507178e-04 nan -4.454219835784834283e-03 nan 2.719290773961530738e-01 nan
2.656087782946686016e+00 3.170636519705308842e+01 nan 1.001974858286857201e-01 nan 3.176898077510860841e+00 nan -2.000973931250982218e-04 nan -4.497842612744606082e-03 nan 2.723099318496505772e-01 nan
3.125715849688236236e+00 3.168563023695601544e+01 nan 1.002500726334960984e-01 nan 3.176486732692940684e+00 nan 5.345563502245909149e-04 nan -4.479360614870596217e-03 nan 2.736119213422749108e-01 nan
3.678379771828633515e+00 3.169706171330841826e+01 nan 1.002166390864935724e-01 nan 3.176572993824943403e+00 nan -3.125400825521040815e-05 nan -4.379305519427002281e-03 nan 2.730221470855122012e-01 nan
4.328761281083058243e+00 3.169840619747481014e+01 nan 1.002086039467895567e-01 nan 3.176453032387212883e+00 nan 1.613894043126506972e-04 nan -4.388661722891483083e-03 nan 2.723423953908731265e-01 nan
5.094138014816379290e+00 3.171025140726223057e+01 nan 1.001787017388754975e-01 nan 3.176691817792880013e+00 nan -4.096414767396083789e-06 nan -4.417882132051795425e-03 nan 2.737396415337651212e-01 nan
5.994842503189410365e+00 3.170576330590434111e+01 nan 1.001912868880330543e-01 nan 3.176641227385933242e+00 nan -2.338571912101627959e-04 nan -4.385788485634220177e-03 nan 2.724164471710157076e-01 nan
7.054802310718641500e+00 3.170259018575260157e+01 nan 1.002008529394297215e-01 nan 3.176626577001604446e+00 nan -2.751398559976969693e-04 nan -4.427730104686548006e-03 nan 2.732011834735146860e-01 nan
8.302175681319743816e+00 3.169667071275118886e+01 nan 1.002216336085030718e-01 nan 3.176692118782719731e+00 nan 1.969685845595314788e-04 nan -4.432874985799975347e-03 nan 2.725438192967074014e-01 nan
9.770099572992251069e+00 3.171263907091130463e+01 nan 1.001665754092219696e-01 nan 3.176546452921876096e+00 nan -1.280482598766674585e-04 nan -4.422188219475197204e-03 nan 2.730479098844376118e-01 nan
1.149756995397735615e+01 3.169826622405700789e+01 nan 1.002192513681572777e-01 nan 3.176776510643538831e+00 nan -2.216455351060631074e-04 nan -4.422414939544671610e-03 nan 2.733701391468787434e-01 nan
1.353047774579806806e+01 3.170900208797820596e+01 nan 1.001711383042158537e-01 nan 3.176326833643534187e+00 nan 2.929956709900594092e-04 nan -4.437225472698560352e-03 nan 2.732447826378071598e-01 nan
1.592282793341092173e+01 3.169414916749288480e+01 nan 1.002230073683704620e-01 nan 3.176482945547872028e+00 nan 3.602584068600478417e-04 nan -4.316299901512372569e-03 nan 2.735386660722966545e-01 nan
1.873817422860383886e+01 3.169541004857676114e+01 nan 1.002184136738178549e-01 nan 3.176463715809549004e+00 nan 3.136416890816562386e-04 nan -4.315952584777312147e-03 nan 2.739457631065553844e-01 nan
2.205130739903045622e+01 3.170803783118842389e+01 nan 1.001771643650354315e-01 nan 3.176421317507724495e+00 nan 1.806836413673629238e-04 nan -4.356768793954352362e-03 nan 2.743336317440444594e-01 nan
2.595024211399735847e+01 3.170210893349512205e+01 nan 1.001973947560068079e-01 nan 3.176468723407340544e+00 nan 1.715006917093475636e-04 nan -4.357318425733717158e-03 nan 2.729710442520396629e-01 nan
3.053855508833415655e+01 3.170397109726514273e+01 nan 1.001994354918304686e-01 nan 3.176720006795276330e+00 nan -1.714539751684895919e-05 nan -4.381004572253283796e-03 nan 2.737472897752398771e-01 nan
3.593813663804627367e+01 3.169217558201425078e+01 nan 1.002286103195764860e-01 nan 3.176462716589303348e+00 nan 1.579366950767990829e-04 nan -4.355147329282629994e-03 nan 2.740117169962789645e-01 nan
4.229242874389498752e+01 3.171094972655742694e+01 nan 1.001665223196364363e-01 nan 3.176375553562083454e+00 nan 1.278096543777529348e-04 nan -4.401746569833420684e-03 nan 2.738867773631237235e-01 nan
4.977023564332108663e+01 3.170219779455396747e+01 nan 1.002151563024732267e-01 nan 3.177040707113147899e+00 nan -1.024676745542407730e-05 nan -4.438256068180357859e-03 nan 2.739741657989402945e-01 nan
5.857020818056664524e+01 3.169649264261311217e+01 nan 1.002114543016894288e-01 nan 3.176351623979059013e+00 nan -8.640996958231283998e-05 nan -4.399144157073512848e-03 nan 2.732171404249946201e-01 nan
6.892612104349694846e+01 3.168395035747095179e+01 nan 1.002317263992217183e-01 nan 3.175737043476551502e+00 nan 1.157579293882271543e-04 nan -4.417502120647720347e-03 nan 2.738448095954860717e-01 nan
8.111308307896868541e+01 3.168376258966651804e+01 nan 1.002650582841283639e-01 nan 3.176774302713399223e+00 nan 9.051816548879543234e-04 nan -4.420059018005335558e-03 nan 2.736065123572025137e-01 nan
9.545484566618337396e+01 3.168624619130757836e+01 nan 1.002219929857804670e-01 nan 3.175658743530941130e+00 nan 2.491568177362957215e-04 nan -4.358637685381097637e-03 nan 2.730208665775349375e-01 nan
1.123324032978027702e+02 3.168360325498986896e+01 nan 1.002385440904128566e-01 nan 3.175918261818450272e+00 nan 1.567737801000390618e-04 nan -4.398547685768916526e-03 nan 2.733241183745204750e-01 nan
1.321941148466028721e+02 3.167025003438946129e+01 nan 1.003027319451478827e-01 nan 3.176612599835176631e+00 nan 5.069860552939786658e-04 nan -4.394703840713985211e-03 nan 2.738487955202907886e-01 nan
1.555676143930472222e+02 3.169180970022845401e+01 nan 1.002255644734648676e-01 nan 3.176329516391026342e+00 nan 8.368457473175716643e-04 nan -4.411436572415521583e-03 nan 2.747733622064122416e-01 nan
1.830738280295367701e+02 3.169280369225967675e+01 nan 1.002407209936389265e-01 nan 3.176909492421971848e+00 nan 1.045035571570096522e-03 nan -4.394741840188840995e-03 nan 2.743396938852556421e-01 nan
2.154434690031882269e+02 3.169885817609997147e+01 nan 1.002324453704268731e-01 nan 3.177254070440849620e+00 nan 9.481051091997372282e-04 nan -4.353596606203876535e-03 nan 2.754384821092820124e-01 nan
2.535364493970111539e+02 3.170530805357670801e+01 nan 1.001920130266485687e-01 nan 3.176618637517863331e+00 nan 9.794417183681680683e-04 nan -4.386759934801367881e-03 nan 2.756743816301904793e-01 nan
2.983647240283337396e+02 3.169568496193569374e+01 nan 1.002104844770874414e-01 nan 3.176239945868710723e+00 nan 1.179976199234822332e-03 nan -4.309897812415067545e-03 nan 2.751390548499489386e-01 nan
3.511191734215130964e+02 3.170669235403496700e+01 nan 1.001953389132107658e-01 nan 3.176862786229441848e+00 nan 1.297115105745927366e-03 nan -4.308986115950899816e-03 nan 2.738618937547965260e-01 nan
4.132012400115334572e+02 3.169871147327378580e+01 nan 1.002390524279364176e-01 nan 3.177448801267520828e+00 nan 1.383211712931764481e-03 nan -4.353115721371998009e-03 nan 2.731346802933474205e-01 nan
4.862601580065353346e+02 3.171798303478188430e+01 nan 1.001885720250017681e-01 nan 3.177779427768029130e+00 nan 2.031780538329197583e-03 nan -4.361101904165084857e-03 nan 2.760757085207255490e-01 nan
5.722367659350214808e+02 3.172359149499656539e+01 nan 1.001755917021023706e-01 nan 3.177929548927063141e+00 nan 2.673969411919774330e-03 nan -4.325763993031446833e-03 nan 2.752256618209080186e-01 nan
6.734150657750820983e+02 3.171887779454753087e+01 nan 1.002571773738929611e-01 nan 3.180045157148786661e+00 nan 2.574704298438312833e-03 nan -4.300617524941286254e-03 nan 2.754844017001437662e-01 nan
7.924828983539169940e+02 3.172341057394921293e+01 nan 1.002394247363515567e-01 nan 3.179936426607761213e+00 nan 3.154369298317138970e-03 nan -4.357519264934052797e-03 nan 2.743069143699192192e-01 nan
9.326033468832199560e+02 3.174309284106415419e+01 nan 1.001935254627648042e-01 nan 3.180452380838068471e+00 nan 3.627413555100211795e-03 nan -4.275308091596949876e-03 nan 2.747076006665443160e-01 nan
1.097498765493055544e+03 3.174944574041841605e+01 nan 1.001881765660724982e-01 nan 3.180919075715978650e+00 nan 4.527069653388338111e-03 nan -4.374520730756811630e-03 nan 2.735861452770161351e-01 nan
1.291549665014884113e+03 3.178324454074293115e+01 nan 1.001927048131401737e-01 nan 3.184449238274505323e+00 nan 4.423187119086957608e-03 nan -4.429867473424617744e-03 nan 2.734433296420664683e-01 nan
1.519911082952933157e+03 3.179926621691475574e+01 nan 1.001983400311225042e-01 nan 3.186233689142611070e+00 nan 5.178765366430582162e-03 nan -4.364326588345721070e-03 nan 2.746672166823602157e-01 nan
1.788649529057435075e+03 3.182670673919960436e+01 nan 1.002125767291313502e-01 nan 3.189436291137602186e+00 nan 5.732408379255371500e-03 nan -4.301861205497937816e-03 nan 2.752374576370550940e-01 nan
2.104904144512019684e+03 3.187352168332471436e+01 nan 1.002197953535640534e-01 nan 3.194357820300189221e+00 nan 6.515056779815786570e-03 nan -4.457387877219423124e-03 nan 2.736417431741645090e-01 nan
2.477076355991709079e+03 3.192465478478197127e+01 nan 1.002802210913407988e-01 nan 3.201411440082666982e+00 nan 5.316839229157377389e-03 nan -4.348270121212823199e-03 nan 2.730335557645244826e-01 nan
2.915053062825175857e+03 3.200913655837898375e+01 nan 1.001605199455446737e-01 nan 3.206051760695181052e+00 nan 5.624315610262886622e-03 nan -4.365350839905426938e-03 nan 2.758338747643323541e-01 nan
3.430469286314915735e+03 3.207987988336802232e+01 nan 1.002961484553678978e-01 nan 3.217488395212649177e+00 nan 5.894289471734648345e-03 nan -4.323310864032731127e-03 nan 2.745745835645682642e-01 nan
4.037017258596553802e+03 3.217265908472811731e+01 nan 1.002707638053156880e-01 nan 3.225977100073716741e+00 nan 3.119525989783600295e-03 nan -4.332683081091219177e-03 nan 2.730889318285377731e-01 nan
4.750810162102793583e+03 3.224665447064040080e+01 nan 1.002945453771494494e-01 nan 3.234163550066902815e+00 nan 8.662977782769587520e-04 nan -4.253447688537149649e-03 nan 2.756667389951586999e-01 nan
5.590810182512223037e+03 3.233677658496283414e+01 nan 1.001895664102509381e-01 nan 3.239807625152581139e+00 nan -2.460988641521666409e-03 nan -4.347876688817342225e-03 nan 2.741460707346847214e-01 nan
6.579332246575675526e+03 3.236873355097506533e+01 nan 1.003649605320917348e-01 nan 3.248686665317406241e+00 nan -6.604507227850664464e-03 nan -4.383322678002361979e-03 nan 2.740263965171105820e-01 nan
7.742636826811270112e+03 3.242314442727795409e+01 nan 1.003390927634452007e-01 nan 3.253308896371224002e+00 nan -1.222501978245382759e-02 nan -4.381720028281452239e-03 nan 2.746515268832936396e-01 nan
9.111627561154886280e+03 3.238466372473347832e+01 nan 1.005178572734388709e-01 nan 3.255237006131073141e+00 nan -1.747606390133515930e-02 nan -4.398246140576826842e-03 nan 2.741053743738766646e-01 nan
1.072267222010323167e+04 3.241279297157342398e+01 nan 1.004207405468684755e-01 nan 3.254916673397736826e+00 nan -2.280892052650029811e-02 nan -4.178197134236845411e-03 nan 2.769421704326002764e-01 nan
1.261856883066020964e+04 3.236484542559194466e+01 nan 1.005748935207919220e-01 nan 3.255090882495799587e+00 nan -2.897729734798115686e-02 nan -4.396280664073101870e-03 nan 2.748577864952913008e-01 nan
1.484968262254463480e+04 3.234950656461804641e+01 nan 1.005178680758007648e-01 nan 3.251703433179527369e+00 nan -3.550044857449607960e-02 nan -4.121806515204867044e-03 nan 2.780294843960006701e-01 nan
1.747528400007683013e+04 3.233355263789385248e+01 nan 1.004557440195119056e-01 nan 3.248091087033678992e+00 nan -4.222382341036201581e-02 nan -4.103734111862835342e-03 nan 2.785009564775637325e-01 nan
2.056512308348651641e+04 3.224377450166534942e+01 nan 1.007102734637209673e-01 nan 3.247279347565270591e+00 nan -4.750348549673955034e-02 nan -4.249578540782597037e-03 nan 2.794920445991580515e-01 nan
2.420128264794383358e+04 3.219677109317506591e+01 nan 1.007361192193107907e-01 nan 3.243377771318942671e+00 nan -5.857015620396577305e-02 nan -4.452796748907798807e-03 nan 2.733197175871312501e-01 nan
2.848035868435799057e+04 3.215461804887344499e+01 nan 1.006773468467207083e-01 nan 3.237241634030257664e+00 nan -6.681877543574321621e-02 nan -4.480114880639707309e-03 nan 2.747560124106150359e-01 nan
3.351602650938840816e+04 3.214117882129974646e+01 nan 1.006015137342375354e-01 nan 3.233451242625571265e+00 nan -7.789205024042278325e-02 nan -4.450460625130085550e-03 nan 2.696229678587887535e-01 nan
3.944206059437656222e+04 3.206430749887390164e+01 nan 1.007969277475741360e-01 nan 3.231983686239992437e+00 nan -9.106459821691892387e-02 nan -4.537891574259309869e-03 nan 2.702198840986931860e-01 nan
4.641588833612772578e+04 3.207288400026769182e+01 nan 1.007853084310893349e-01 nan 3.232475506241529573e+00 nan -1.088034907983774779e-01 nan -4.242625205494235212e-03 nan 2.732805295001244916e-01 nan
5.462277217684336938e+04 3.194086086608571406e+01 nan 1.010040871407414526e-01 nan 3.226157494268420134e+00 nan -1.270589692401156157e-01 nan -4.433871554870642308e-03 nan 2.731423928122023725e-01 nan
6.428073117284318869e+04 3.183358959259674492e+01 nan 1.012037377631039986e-01 nan 3.221678253187437502e+00 nan -1.466294890451904642e-01 nan -4.675341361643451689e-03 nan 2.664494080033240064e-01 nan
7.564633275546290679e+04 3.173385976534426689e+01 nan 1.011248271839691182e-01 nan 3.209081084650749816e+00 nan -1.718621589692430618e-01 nan -4.037250766319952847e-03 nan 2.809979131544866893e-01 nan
8.902150854450374027e+04 3.160518713475706321e+01 nan 1.011770822444962581e-01 nan 3.197720618086010269e+00 nan -2.020033323280938653e-01 nan -4.161423024459634003e-03 nan 2.787089211773610686e-01 nan
1.047615752789664111e+05 3.130397343073561345e+01 nan 1.014467653437090555e-01 nan 3.175686846953538645e+00 nan -2.345473178756765087e-01 nan -4.299123139505825475e-03 nan 2.736062979793721928e-01 nan
1.232846739442065882e+05 3.102249083336718982e+01 nan 1.014060811223460451e-01 nan 3.145869222065669657e+00 nan -2.754898962732639234e-01 nan -4.177261931578523345e-03 nan 2.760163845540821725e-01 nan
1.450828778495940205e+05 3.061666710357924259e+01 nan 1.015667935106714520e-01 nan 3.109636705694200476e+00 nan -3.208383770776470634e-01 nan -4.340648106218082843e-03 nan 2.727727070443914936e-01 nan
1.707352647470688680e+05 3.011630980616111941e+01 nan 1.014734380240224637e-01 nan 3.056005496627750340e+00 nan -3.740960000399979890e-01 nan -4.163511582132653661e-03 nan 2.750798581506871399e-01 nan
2.009233002565045899e+05 2.942154711366751485e+01 nan 1.014976322871899705e-01 nan 2.986217370263260840e+00 nan -4.328913165109926631e-01 nan -4.488292708724406048e-03 nan 2.693110975053653600e-01 nan
2.364489412645407137e+05 2.853388740666403933e+01 nan 1.011843716483336181e-01 nan 2.887183467927600500e+00 nan -4.998114764504522078e-01 nan -4.138805733816186376e-03 nan 2.735497029115339096e-01 nan
2.782559402207125677e+05 2.737539046863325964e+01 nan 1.009404750691007269e-01 nan 2.763284919105973181e+00 nan -5.734548695534118501e-01 nan -4.217964870570946323e-03 nan 2.724247468386199467e-01 nan
3.274549162877724739e+05 2.599284306161650804e+01 nan 1.008245222258341844e-01 nan 2.620715982978573333e+00 nan -6.496388872163105788e-01 nan -3.872208666356920844e-03 nan 2.787727424331035153e-01 nan
3.853528593710527639e+05 2.441014626783241681e+01 nan 1.006031947792734166e-01 nan 2.455738699573298600e+00 nan -7.347594645392363510e-01 nan -4.366646802123964541e-03 nan 2.684347440961629694e-01 nan
4.534878508128582034e+05 2.249709373883807828e+01 nan 1.002843491234884227e-01 nan 2.256106402769483488e+00 nan -8.242974918872643109e-01 nan -3.942293767421991765e-03 nan 2.639923211651865609e-01 nan
5.336699231206302065e+05 2.046695287173247024e+01 nan 9.983047945568643278e-02 nan 2.043225718181990835e+00 nan -9.119315110318626516e-01 nan -4.411598305658991255e-03 nan 2.410722456632183042e-01 nan
6.280291441834246507e+05 1.844728353787737873e+01 nan 9.968285033453558319e-02 nan 1.838877803984972692e+00 nan -9.942913418135210790e-01 nan -4.478782860834725280e-03 nan 2.359371189133530888e-01 nan
7.390722033525775187e+05 1.643172760625346740e+01 nan 9.960980094745638946e-02 nan 1.636761116081731915e+00 nan -1.076534130159630731e+00 nan -4.361550831176936802e-03 nan 2.384577487176557653e-01 nan
8.697490026177833788e+05 1.442346557362505877e+01 nan 9.917663296278289575e-02 nan 1.430470751246747385e+00 nan -1.153255462076850923e+00 nan -3.681731697243800609e-03 nan 2.439296248157406810e-01 nan
1.023531021899024723e+06 1.277039363976167863e+01 nan 9.905721828480622271e-02 nan 1.264999670356773631e+00 nan -1.233617477336568458e+00 nan -4.293950617381343468e-03 nan 2.443955701022407223e-01 nan
1.204503540258781053e+06 1.108470118369751312e+01 nan 9.872595798218457286e-02 nan 1.094347743306792298e+00 nan -1.305390828930985681e+00 nan -3.993699242304406434e-03 nan 2.534666666807044999e-01 nan
1.417474162926804740e+06 9.696837627624889322e+00 nan 9.828707195212652015e-02 nan 9.530737776144553308e-01 nan -1.377049510845234970e+00 nan -4.059005219068277485e-03 nan 2.720696760218322963e-01 nan
1.668100537200059043e+06 8.334115014273095312e+00 nan 9.797123002973692762e-02 nan 8.165034991576337609e-01 nan -1.437560066606735631e+00 nan -4.762253661676459429e-03 nan 2.663150654252122718e-01 nan
1.963040650040268432e+06 7.111264499645555404e+00 nan 9.728155541072100454e-02 nan 6.917948714625622442e-01 nan -1.502548116047869975e+00 nan -4.169271683208532718e-03 nan 2.754588677491404680e-01 nan
2.310129700083157979e+06 6.078770565418487593e+00 nan 9.666525618053384283e-02 nan 5.876059139688666333e-01 nan -1.565157044211628268e+00 nan -3.685676322699760286e-03 nan 2.823478908062043158e-01 nan
2.718588242732940242e+06 5.178908365867578745e+00 nan 9.553485981593182186e-02 nan 4.947662847327157221e-01 nan -1.627490534948305534e+00 nan -3.644939577009404050e-03 nan 2.781014929002729175e-01 nan
3.199267137797384523e+06 4.361851636354145079e+00 nan 9.403451748729503568e-02 nan 4.101646139757302856e-01 nan -1.692557391079800411e+00 nan -3.496927556607757216e-03 nan 2.766891661767326149e-01 nan
3.764935806792463642e+06 3.703620640669023523e+00 nan 9.163136637011545793e-02 nan 3.393678198210650088e-01 nan -1.752820798582035877e+00 nan -3.371719332329786972e-03 nan 2.933471569426407966e-01 nan
4.430621457583877258e+06 3.140049850990295877e+00 nan 8.950703810462060095e-02 nan 2.810565616629966401e-01 nan -1.827697939280889194e+00 nan -3.827486945823843894e-03 nan 2.893092176319034814e-01 nan
5.214008287999684922e+06 2.610719741042212050e+00 nan 8.623918271495384369e-02 nan 2.251463367652762892e-01 nan -1.891525001289744878e+00 nan -4.767523543364520985e-03 nan 2.875774136167684181e-01 nan
6.135907273413163610e+06 2.171927646615098961e+00 nan 8.231132860519042860e-02 nan 1.787742502272333112e-01 nan -1.980850269597173252e+00 nan -4.288714505009996389e-03 nan 2.808423082175905972e-01 nan
7.220809018385455944e+06 1.864977822783596029e+00 nan 7.742576134888312644e-02 nan 1.443973278278023464e-01 nan -2.081055832878020873e+00 nan -4.821423491131538244e-03 nan 2.842263375960454863e-01 nan
8.497534359086439013e+06 1.509781006673083903e+00 nan 7.226681260771242177e-02 nan 1.091070610879271707e-01 nan -2.190430547126433147e+00 nan -3.574387270533849279e-03 nan 2.864400319853868115e-01 nan
1.000000000000000000e+07 1.196360537511433897e+00 nan 6.625182694711127807e-02 nan 7.926107129756054803e-02 nan -2.272144259587502990e+00 nan -4.814223678866360115e-03 nan 2.616908250759544807e-01 nan
