1.000000000000000000e+00 3.169617180519901822e+01 nan 1.001546937884582045e-01 nan 3.174520381416070069e+00 nan -8.131634407826382471e-04 nan -4.659914450436656967e-03 nan -1.075049406145383163e-01 nan
1.149756995397735793e+00 3.170166532146608773e+01 nan 1.001465190999347998e-01 nan 3.174811431615944368e+00 nan -6.051816336816173703e-04 nan -4.712953139882580106e-03 nan -1.076792684744323492e-01 nan
1.321941148466029059e+00 3.169732744183173168e+01 nan 1.001606465132595103e-01 nan 3.174824809316348251e+00 nan -3.694472791648806265e-05 nan -4.637039531483453519e-03 nan -1.079810721890465813e-01 nan
1.519911082952933645e+00 3.171447215658818308e+01 nan 1.001053920034894601e-01 nan 3.174789667419011696e+00 nan -3.836548776110504377e-04 nan -4.629823228489848494e-03 nan -1.077432547253802664e-01 nan
1.747528400007683835e+00 3.169330995351742430e+01 nan 1.001720329849161428e-01 nan 3.174783290064918440e+00 nan -6.140709704247626632e-04 nan -4.588214018632174977e-03 nan -1.069447527524858554e-01 nan
2.009233002565047332e+00 3.169419293038846064e+01 nan 1.001638625009566852e-01 nan 3.174612782758223339e+00 nan -3.714253634092834488e-04 nan -4.595612771132500524e-03 nan -1.069142007154416790e-01 nan
2.310129700083159765e+00 3.170477629839395917e+01 nan 1.001430889702640409e-01 nan 3.175014233632384997e+00 nan -4.023647432900290255e-04 nan -4.621417519853687067e-03 nan -1.057820838424185783e-01 nan
2.656087782946686460e+00 3.169790164246651898e+01 nan 1.001624677603980967e-01 nan 3.174940051335822577e+00 nan -9.861541785047833741e-04 nan -4.636079547836819727e-03 nan -1.060998942665826172e-01 nan
3.053855508833415389e+00 3.170474297595611191e+01 nan 1.001352657146421521e-01 nan 3.174762862311799605e+00 nan -9.077385731770526434e-04 nan -4.630221125925357284e-03 nan -1.052661750780655298e-01 nan
3.511191734215131088e+00 3.170295587682818805e+01 nan 1.001429797846549313e-01 nan 3.174828469487012583e+00 nan -6.777215701574412776e-04 nan -4.595496430514875615e-03 nan -1.059286101593531065e-01 nan
4.037017258596554470e+00 3.169804338317557324e+01 nan 1.001582708318055903e-01 nan 3.174821214010422388e+00 nan -3.110188536310509733e-04 nan -4.600616317004489579e-03 nan -1.051975922848438910e-01 nan
4.641588833612779297e+00 3.171731362572496238e+01 nan 1.000954315862398192e-01 nan 3.174758196123065090e+00 nan -8.939954740849742620e-04 nan -4.535252686117182200e-03 nan -1.048698997578918907e-01 nan
5.336699231206309513e+00 3.169339966862002811e+01 nan 1.001652624927616836e-01 nan 3.174577697095331441e+00 nan -1.512528553091918582e-03 nan -4.560717580776921937e-03 nan -1.050136110166290382e-01 nan
6.135907273413172547e+00 3.171130486338280008e+01 nan 1.001256858336980887e-01 nan 3.175116148127688387e+00 nan -1.594355236107514173e-03 nan -4.569898804936316575e-03 nan -1.045651641755710320e-01 nan
7.054802310718643277e+00 3.168890123171150108e+01 nan 1.001821380664844746e-01 nan 3.174661878370511392e+00 nan -1.055172748388510939e-03 nan -4.531098974090302239e-03 nan -1.046304717388987365e-01 nan
8.111308307896871739e+00 3.169291236673212708e+01 nan 1.001755501773843593e-01 nan 3.174854933061019402e+00 nan -2.047002784177909263e-03 nan -4.475118177664676525e-03 nan -1.050836542193798046e-01 nan
9.326033468832198636e+00 3.170779472328185022e+01 nan 1.001277167506426785e-01 nan 3.174829088840287472e+00 nan -2.178888688548319408e-03 nan -4.594746051094221115e-03 nan -1.057224806698367908e-01 nan
1.072267222010323096e+01 3.170135232250073898e+01 nan 1.001438253223955882e-01 nan 3.174694689468233744e+00 nan -2.270529596601456035e-03 nan -4.517331613972283035e-03 nan -1.048799832555767642e-01 nan
1.232846739442065953e+01 3.168759275552144317e+01 nan 1.001897126816395506e-01 nan 3.174770813748496234e+00 nan -2.980724969352088749e-03 nan -4.508456578871121272e-03 nan -1.042764062929139451e-01 nan
1.417474162926805548e+01 3.171614109378571200e+01 nan 1.001235341620158176e-01 nan 3.175532136290967422e+00 nan -2.809298308607655059e-03 nan -4.530286606427115677e-03 nan -1.048146629551759135e-01 nan
1.629750834620644184e+01 3.170236593445336837e+01 nan 1.001464733379241329e-01 nan 3.174880144803848392e+00 nan -3.341744437053595362e-03 nan -4.510365320512117401e-03 nan -1.044687913066374013e-01 nan
1.873817422860383886e+01 3.169753676445417767e+01 nan 1.001550367960112875e-01 nan 3.174667960986828685e+00 nan -4.012029764973501500e-03 nan -4.630531330876894690e-03 nan -1.053824743147861592e-01 nan
2.154434690031884614e+01 3.169800713860074382e+01 nan 1.001596946918935360e-01 nan 3.174862717343712504e+00 nan -4.257058081616804657e-03 nan -4.550382985166632685e-03 nan -1.044872987580661994e-01 nan
2.477076355991711409e+01 3.171012085271216918e+01 nan 1.001267716806371749e-01 nan 3.175032030584923337e+00 nan -5.737370596223811958e-03 nan -4.529379831606190204e-03 nan -1.054789686215546474e-01 nan
2.848035868435801987e+01 3.169869812211180005e+01 nan 1.001584136943404341e-01 nan 3.174891320086485891e+00 nan -6.086128122734457691e-03 nan -4.593656194125838449e-03 nan -1.058086098896133392e-01 nan
3.274549162877728037e+01 3.169583153905747608e+01 nan 1.001714581912754587e-01 nan 3.175017663852405914e+00 nan -7.302675567119720768e-03 nan -4.613016692929182948e-03 nan -1.044444935654650491e-01 nan
3.764935806792467332e+01 3.170136415180525091e+01 nan 1.001510368402562245e-01 nan 3.174924489053825738e+00 nan -8.569751177132545195e-03 nan -4.445624144295111900e-03 nan -1.044764604293207805e-01 nan
4.328761281083059487e+01 3.169561298888991629e+01 nan 1.001624388799224469e-01 nan 3.174709898761362226e+00 nan -1.006874101070120986e-02 nan -4.547067280840157676e-03 nan -1.034452731171513346e-01 nan
4.977023564332111505e+01 3.169484350682495233e+01 nan 1.001731193932181990e-01 nan 3.174971342758542647e+00 nan -1.101416858879789018e-02 nan -4.517929695852986732e-03 nan -1.043117374330155694e-01 nan
5.722367659350216940e+01 3.170501868398681822e+01 nan 1.001090416934569682e-01 nan 3.173959037327068522e+00 nan -1.272989772623178695e-02 nan -4.418760761814061362e-03 nan -1.038154179131876992e-01 nan
6.579332246575683030e+01 3.169502005481134788e+01 nan 1.001459157131579791e-01 nan 3.174126806935988920e+00 nan -1.449713041922784384e-02 nan -4.435936472253220603e-03 nan -1.043379251522363049e-01 nan
7.564633275546290747e+01 3.169391506453562357e+01 nan 1.001493291984272144e-01 nan 3.174124333385169638e+00 nan -1.686642947066641085e-02 nan -4.424335523105818804e-03 nan -1.046988410978704209e-01 nan
8.697490026177834466e+01 3.169618883638217355e+01 nan 1.001264881993636502e-01 nan 3.173628077490821653e+00 nan -1.875390825354061874e-02 nan -4.459396725345662026e-03 nan -1.038720770085152789e-01 nan
1.000000000000000000e+02 3.169245535773983491e+01 nan 1.001464027071986562e-01 nan 3.173885397036129152e+00 nan -2.197644928087250094e-02 nan -4.426925174038535277e-03 nan -1.038677417830608102e-01 nan
1.149756995397735579e+02 3.169592890588479861e+01 nan 1.001322905008792952e-01 nan 3.173785960899274006e+00 nan -2.512051622411615170e-02 nan -4.525630545800310434e-03 nan -1.040499987083815248e-01 nan
1.321941148466028721e+02 3.168125703925486647e+01 nan 1.001503207490506003e-01 nan 3.172888054214491937e+00 nan -2.841003034300459973e-02 nan -4.555611909326014002e-03 nan -1.029791922289584050e-01 nan
1.519911082952933157e+02 3.168115514323318394e+01 nan 1.001779305046665153e-01 nan 3.173752558246372146e+00 nan -3.312820225938217789e-02 nan -4.520777938208609889e-03 nan -1.028137108618678436e-01 nan
1.747528400007684866e+02 3.169191121261216182e+01 nan 1.000888686170608305e-01 nan 3.172007537582695491e+00 nan -3.797769918019699986e-02 nan -4.554114067413455626e-03 nan -1.031872759664301115e-01 nan
2.009233002565048025e+02 3.167761192426350192e+01 nan 1.001230837347038410e-01 nan 3.171660191208487412e+00 nan -4.404501141960137645e-02 nan -4.459484610729393811e-03 nan -1.027874741925787899e-01 nan
2.310129700083160458e+02 3.165308428416740227e+01 nan 1.001637328256413245e-01 nan 3.170491077346849984e+00 nan -5.013886993743543741e-02 nan -4.524257962505115818e-03 nan -1.034292118854720222e-01 nan
2.656087782946686957e+02 3.164434059345939687e+01 nan 1.001498979403713935e-01 nan 3.169177480825310145e+00 nan -5.804131629522535363e-02 nan -4.487529230635732384e-03 nan -1.033479434012621323e-01 nan
3.053855508833415797e+02 3.162824211941279273e+01 nan 1.001595559111179701e-01 nan 3.167870684929702030e+00 nan -6.639102898319038104e-02 nan -4.503708267273447662e-03 nan -1.003331418797604457e-01 nan
3.511191734215130964e+02 3.159492254581842374e+01 nan 1.001481909860999359e-01 nan 3.164174337309658469e+00 nan -7.672902253523838922e-02 nan -4.480908206890224163e-03 nan -1.029129929785661396e-01 nan
4.037017258596553688e+02 3.158394974730029503e+01 nan 1.001265160303018709e-01 nan 3.162390850673311604e+00 nan -8.787765649606127383e-02 nan -4.441472872726883944e-03 nan -1.037720573781523575e-01 nan
4.641588833612781855e+02 3.153451423688040833e+01 nan 1.002025206552516756e-01 nan 3.159837814174337289e+00 nan -1.009320487615612549e-01 nan -4.491592910841561009e-03 nan -1.030305467990181301e-01 nan
5.336699231206312106e+02 3.149167638416275494e+01 nan 1.001027464147492968e-01 nan 3.152403295259193161e+00 nan -1.162878004346303840e-01 nan -4.394200219101552889e-03 nan -1.016479250640685145e-01 nan
6.135907273413175744e+02 3.140997906764216552e+01 nan 1.001617736525456520e-01 nan 3.146079213804371388e+00 nan -1.332865741795781211e-01 nan -4.492185243157119541e-03 nan -1.036087793563972154e-01 nan
7.054802310718645231e+02 3.130971595924008710e+01 nan 1.001568849020740698e-01 nan 3.135883617646241017e+00 nan -1.528569639728822871e-01 nan -4.472061342809814655e-03 nan -1.021290906775615126e-01 nan
8.111308307896872520e+02 3.120159272423867236e+01 nan 1.000945849726552067e-01 nan 3.123110474218488086e+00 nan -1.760124761400350124e-01 nan -4.543320393381213886e-03 nan -1.028754174844245806e-01 nan
9.326033468832199560e+02 3.103253933395960473e+01 nan 1.002082355386818419e-01 nan 3.109716010940832831e+00 nan -2.010572263713319430e-01 nan -4.507790900889227168e-03 nan -1.022495526614112249e-01 nan
1.072267222010323167e+03 3.083005226353523653e+01 nan 1.002174080844892706e-01 nan 3.089707928960843120e+00 nan -2.310614523481047122e-01 nan -4.473200071512710777e-03 nan -1.038521607086316800e-01 nan
1.232846739442065882e+03 3.056613888016064351e+01 nan 1.001826588286355568e-01 nan 3.062197063139826092e+00 nan -2.640779204379457568e-01 nan -4.448969031243632348e-03 nan -1.036218681506980432e-01 nan
1.417474162926804865e+03 3.022821120342613455e+01 nan 1.002074914329648819e-01 nan 3.029093215201177358e+00 nan -3.019431638645055926e-01 nan -4.332840318437329585e-03 nan -1.007799569381011007e-01 nan
1.629750834620645037e+03 2.978795404735759078e+01 nan 1.001237535454912314e-01 nan 2.982481769662049587e+00 nan -3.442892394623027208e-01 nan -4.477125707747210866e-03 nan -1.032392480631118964e-01 nan
1.873817422860385022e+03 2.923032907449088924e+01 nan 1.002351097344651859e-01 nan 2.929905242356122486e+00 nan -3.924680137021550053e-01 nan -4.373702364813571858e-03 nan -1.014410681492384225e-01 nan
2.154434690031884656e+03 2.855778169962008306e+01 nan 1.001146856522959067e-01 nan 2.859053337784353221e+00 nan -4.453803409905883193e-01 nan -4.436744363025821487e-03 nan -1.017187314643618612e-01 nan
2.477076355991711353e+03 2.770977339702234943e+01 nan 1.001876816273114951e-01 nan 2.776177955065820768e+00 nan -5.031886481763874208e-01 nan -4.579870996536589134e-03 nan -1.033890021882408194e-01 nan
2.848035868435802058e+03 2.667221723112377774e+01 nan 1.001339666904871167e-01 nan 2.670794911782784720e+00 nan -5.657410666382469699e-01 nan -4.459651361607712763e-03 nan -1.031768331439161801e-01 nan
3.274549162877728577e+03 2.545230632144991390e+01 nan 1.002072159934256218e-01 nan 2.550504757084363749e+00 nan -6.329949026106516108e-01 nan -4.624623073839311850e-03 nan -1.056467319715486131e-01 nan
3.764935806792467247e+03 2.405251487070335159e+01 nan 1.002420111919487544e-01 nan 2.411072464863559084e+00 nan -7.021058683334828743e-01 nan -4.548277698568524083e-03 nan -1.028298688711868775e-01 nan
4.328761281083061476e+03 2.249184381185331105e+01 nan 1.002789336356142286e-01 nan 2.255458112951438832e+00 nan -7.741646235943071552e-01 nan -4.417026421438131033e-03 nan -1.006598237962211539e-01 nan
4.977023564332113892e+03 2.083951190507015383e+01 nan 1.002639909755301262e-01 nan 2.089452633584406360e+00 nan -8.448177414151105680e-01 nan -4.341459665295989943e-03 nan -1.018758069731545701e-01 nan
5.722367659350220492e+03 1.909447983824731665e+01 nan 1.003222672251789377e-01 nan 1.915601508858438828e+00 nan -9.155101039283093378e-01 nan -4.348564149332993962e-03 nan -1.051941750489246291e-01 nan
6.579332246575682802e+03 1.734680728940310601e+01 nan 1.003136472879514185e-01 nan 1.740121508001247763e+00 nan -9.815129080149151974e-01 nan -4.365801333035440254e-03 nan -1.024384023540205885e-01 nan
7.564633275546290861e+03 1.563912586532391558e+01 nan 1.002382286158708807e-01 nan 1.567638273840718188e+00 nan -1.043461979367843462e+00 nan -4.484413023169026187e-03 nan -1.018790961242675014e-01 nan
8.697490026177834807e+03 1.398099147028500866e+01 nan 1.004478982191617797e-01 nan 1.404361208210157530e+00 nan -1.101591705635986074e+00 nan -4.456644523206141663e-03 nan -1.047385126878620926e-01 nan
1.000000000000000000e+04 1.245328840746871535e+01 nan 1.004282353971799047e-01 nan 1.250661779654239858e+00 nan -1.153918370210351485e+00 nan -4.601727387082941122e-03 nan -1.077406655766395271e-01 nan
1.149756995397735591e+04 1.104533280648637827e+01 nan 1.003856504014311313e-01 nan 1.108792917679399803e+00 nan -1.199376582128241386e+00 nan -4.604957563616661823e-03 nan -1.062740698916359028e-01 nan
1.321941148466028790e+04 9.766163301768155947e+00 nan 1.004214940761352648e-01 nan 9.807327101550804560e-01 nan -1.241184500126791157e+00 nan -4.599384280161937684e-03 nan -1.047507931084427496e-01 nan
1.519911082952933066e+04 8.611245796818968401e+00 nan 1.003956569332215693e-01 nan 8.645316787850834128e-01 nan -1.276181702207969337e+00 nan -4.359954753267432891e-03 nan -9.956083011432038943e-02 nan
1.747528400007683013e+04 7.585964869469822958e+00 nan 1.005297448734710913e-01 nan 7.626151129469157519e-01 nan -1.309433493457802689e+00 nan -4.438100883606809627e-03 nan -1.017442062164214539e-01 nan
2.009233002565045899e+04 6.674446917226420695e+00 nan 1.006435632348344072e-01 nan 6.717401203714228330e-01 nan -1.338131621496326362e+00 nan -4.314213277192997624e-03 nan -1.010922454918363467e-01 nan
2.310129700083157877e+04 5.875817723694284567e+00 nan 1.005793963013955905e-01 nan 5.909861994262115559e-01 nan -1.364858775797301860e+00 nan -4.351979362550645498e-03 nan -1.032079974035309267e-01 nan
2.656087782946689549e+04 5.183877789559592664e+00 nan 1.007237504288489571e-01 nan 5.221396127292535772e-01 nan -1.390664716847158644e+00 nan -4.519001544644455325e-03 nan -1.055820185148804574e-01 nan
3.053855508833418571e+04 4.551936327696077811e+00 nan 1.008332927664468970e-01 nan 4.589867283848037549e-01 nan -1.416452008542192997e+00 nan -4.610531043665099492e-03 nan -1.094907084233961297e-01 nan
3.511191734215134784e+04 4.009824059657655759e+00 nan 1.007093554847934697e-01 nan 4.038267966555405541e-01 nan -1.441561782041537620e+00 nan -4.149156896045949443e-03 nan -9.751762063450354623e-02 nan
4.037017258596557804e+04 3.513937087381393543e+00 nan 1.009197327369275171e-01 nan 3.546255917129077506e-01 nan -1.463124314183977592e+00 nan -4.451340264016554957e-03 nan -1.038663508967971327e-01 nan
4.641588833612782037e+04 3.103359753960202028e+00 nan 1.009205253139506125e-01 nan 3.131926966078361074e-01 nan -1.492680813592353051e+00 nan -4.580360057922833530e-03 nan -1.063828698953785262e-01 nan
5.336699231206312834e+04 2.730993340739846342e+00 nan 1.010692759331457691e-01 nan 2.760195195268191348e-01 nan -1.521292262760225666e+00 nan -4.600643124014157197e-03 nan -1.036878655588140408e-01 nan
6.135907273413175426e+04 2.390215390474399904e+00 nan 1.010876005825932789e-01 nan 2.416211386986433785e-01 nan -1.548888198368077562e+00 nan -4.499130451559163815e-03 nan -1.023559446170580062e-01 nan
7.054802310718645458e+04 2.089233085627703268e+00 nan 1.011175724154117772e-01 nan 2.112581778286334866e-01 nan -1.573342891840856517e+00 nan -4.360351681247480460e-03 nan -1.021749356286710264e-01 nan
8.111308307896871702e+04 1.821091724915277599e+00 nan 1.012058446943531476e-01 nan 1.843051262859472794e-01 nan -1.602118308804643121e+00 nan -4.564681853070650698e-03 nan -1.045498897787430909e-01 nan
9.326033468832199287e+04 1.595625500417759746e+00 nan 1.012706716836650755e-01 nan 1.615900661828907348e-01 nan -1.646553543904173189e+00 nan -4.543490654621955456e-03 nan -1.007733233085650049e-01 nan
1.072267222010323167e+05 1.392037552086313079e+00 nan 1.012855828605615932e-01 nan 1.409933348268515851e-01 nan -1.682893650841408739e+00 nan -4.474411821969058109e-03 nan -1.050869161651107608e-01 nan
1.232846739442065882e+05 1.198152436523430842e+00 nan 1.012283001640881946e-01 nan 1.212869344867274907e-01 nan -1.721543933888555422e+00 nan -4.482376538160518474e-03 nan -1.053667175601793876e-01 nan
1.417474162926804856e+05 1.056198884586073472e+00 nan 1.013270147850889591e-01 nan 1.070214799944475409e-01 nan -1.753226382062160305e+00 nan -4.562774422508309065e-03 nan -1.022074666769149098e-01 nan
1.629750834620643582e+05 9.184637847782287645e-01 nan 1.013157748784713347e-01 nan 9.305487005261976752e-02 nan -1.814752583007375186e+00 nan -4.531677076179079118e-03 nan -1.083147432116949166e-01 nan
1.873817422860382940e+05 7.829863728090007413e-01 nan 1.010363268829771177e-01 nan 7.911006710804678599e-02 nan -1.859503060236280092e+00 nan -4.241756287667495899e-03 nan -1.012743676090231276e-01 nan
2.154434690031886566e+05 6.917073607322269391e-01 nan 1.012966029750690944e-01 nan 7.006760589502529502e-02 nan -1.888175677947298681e+00 nan -4.033802157805783592e-03 nan -1.013738636135318727e-01 nan
2.477076355991713936e+05 5.737105047244339673e-01 nan 1.010218296184103304e-01 nan 5.795728485856396772e-02 nan -2.001427642421384157e+00 nan -4.588793051662667065e-03 nan -1.031474265123897421e-01 nan
2.848035868435804732e+05 4.966873359101028895e-01 nan 1.014710747699505700e-01 nan 5.039939779942160386e-02 nan -2.023925303812864840e+00 nan -3.905988455387807319e-03 nan -9.907387326697078556e-02 nan
3.274549162877731724e+05 4.215436516375968834e-01 nan 1.007987375819135722e-01 nan 4.249106792073972100e-02 nan -2.140046199126403259e+00 nan -4.190226620248391730e-03 nan -1.004774937054629808e-01 nan
3.764935806792471558e+05 3.668175121782651371e-01 nan 1.005240317561348906e-01 nan 3.687397524291432388e-02 nan -2.125439196373846151e+00 nan -4.601162092330650724e-03 nan -1.032039612025077574e-01 nan
4.328761281083061476e+05 2.904421221399257069e-01 nan 1.003974652085039138e-01 nan 2.915965285262723389e-02 nan -2.293135090620382677e+00 nan -4.239402061938193043e-03 nan -1.024454277680593856e-01 nan
4.977023564332113601e+05 2.502195411757589527e-01 nan 9.997777352905545811e-02 nan 2.501639262021419785e-02 nan -2.344488192629478718e+00 nan -4.292784791138045709e-03 nan -1.019266537682816387e-01 nan
5.722367659350220347e+05 2.206820620400122834e-01 nan 1.000665402225811018e-01 nan 2.208289043752902775e-02 nan -2.516637769156251814e+00 nan -3.842593922117482248e-03 nan -1.075343627359558740e-01 nan
6.579332246575682657e+05 1.630118452079541702e-01 nan 9.964780864082765921e-02 nan 1.624377315747043554e-02 nan -2.601794643310893385e+00 nan -3.689740075654964011e-03 nan -1.143977660307375910e-01 nan
7.564633275546290679e+05 1.431440397502534434e-01 nan 9.967442733685540068e-02 nan 1.426780018879057928e-02 nan -2.805793439800535083e+00 nan -3.865272493853201281e-03 nan -1.095501748873041609e-01 nan
8.697490026177833788e+05 1.252178229145222144e-01 nan 9.941899379997092001e-02 nan 1.244902995998474135e-02 nan -2.908767961022845405e+00 nan -4.078289411083743134e-03 nan -1.196418898327946817e-01 nan
1.000000000000000000e+06 1.050911557113629463e-01 nan 9.942098538226133708e-02 nan 1.044826625578436537e-02 nan -3.000168170379795107e+00 nan -4.208905606678691423e-03 nan -1.285513456198593418e-01 nan
