1.000000000000000000e+00 3.000616988808745944e+01 nan 1.002156973270740964e-01 nan 3.007089239449337814e+00 nan -8.144242671193069327e-05 nan -3.621445528051522693e-03 nan 1.192370504557144217e+00 nan
1.176811952434998476e+00 3.001608574470947843e+01 nan 1.001730020759193096e-01 nan 3.006801419615754423e+00 nan 1.450625009766781659e-04 nan -3.617852531364611993e-03 nan 1.195881445008468047e+00 nan
1.384886371393873050e+00 3.000268982063524348e+01 nan 1.002244227833729712e-01 nan 3.007002269221747071e+00 nan -6.811507224435686680e-04 nan -3.556522455817322584e-03 nan 1.198305605453682476e+00 nan
1.629750834620644184e+00 3.001711830765403732e+01 nan 1.001681546879111678e-01 nan 3.006759349926420022e+00 nan 2.267744292794304783e-06 nan -3.594456325491325079e-03 nan 1.197895938374152092e+00 nan
1.917910261672488570e+00 3.002073506906745237e+01 nan 1.001644907875076929e-01 nan 3.007011641259815793e+00 nan -3.802947103999088085e-04 nan -3.624743252683669710e-03 nan 1.198467496115573461e+00 nan
2.257019719633920118e+00 2.999774945076202215e+01 nan 1.002324403636055405e-01 nan 3.006747632865885311e+00 nan -4.681200164169396771e-05 nan -3.548510861587896893e-03 nan 1.198472976055192207e+00 nan
2.656087782946686016e+00 2.999496509576673375e+01 nan 1.002476882917209128e-01 nan 3.006925911241472349e+00 nan -2.054011771086550198e-04 nan -3.606239296530470116e-03 nan 1.198420556792988201e+00 nan
3.125715849688236236e+00 2.999475010829091204e+01 nan 1.002623545463222077e-01 nan 3.007344269885799726e+00 nan 1.251101906820650811e-04 nan -3.537204072753985951e-03 nan 1.197955428263619559e+00 nan
3.678379771828633515e+00 3.001457895539240894e+01 nan 1.001859979717398264e-01 nan 3.007040546347568899e+00 nan -5.362879173853585257e-04 nan -3.507219337301011996e-03 nan 1.199480399382442997e+00 nan
4.328761281083058243e+00 3.000689703311712719e+01 nan 1.002015862170223121e-01 nan 3.006738680169196876e+00 nan -3.883311400088018672e-05 nan -3.503311185578941809e-03 nan 1.198063097419839185e+00 nan
5.094138014816379290e+00 3.000982080992046619e+01 nan 1.002021481426221827e-01 nan 3.007048510529196417e+00 nan -4.176201577563709577e-04 nan -3.439910850008426509e-03 nan 1.198495634903406604e+00 nan
5.994842503189410365e+00 2.999758438125036264e+01 nan 1.002409907953475537e-01 nan 3.006987579843579006e+00 nan -3.124318889593524773e-04 nan -3.516771518373119736e-03 nan 1.198461198205791334e+00 nan
7.054802310718641500e+00 2.999448259936868766e+01 nan 1.002584350462221580e-01 nan 3.007199885433846198e+00 nan -1.682549543935429881e-04 nan -3.490147824829776396e-03 nan 1.199260132989625527e+00 nan
8.302175681319743816e+00 3.000348672070787259e+01 nan 1.002303270551648667e-01 nan 3.007259286811846177e+00 nan 3.101422025117983594e-04 nan -3.499962428682746544e-03 nan 1.199595967442062872e+00 nan
9.770099572992251069e+00 3.001692613790886455e+01 nan 1.001790949745067910e-01 nan 3.007068494412327375e+00 nan -2.118955858549931293e-04 nan -3.562171700425848225e-03 nan 1.198920267081117652e+00 nan
1.149756995397735615e+01 3.000674609353531253e+01 nan 1.002176710872631771e-01 nan 3.007206210400941160e+00 nan -7.271259916219463548e-05 nan -3.507599573476967870e-03 nan 1.199442026624693680e+00 nan
1.353047774579806806e+01 3.001608312811800516e+01 nan 1.001854551881750099e-01 nan 3.007174951156602383e+00 nan 3.756383509490035522e-04 nan -3.573011054211746272e-03 nan 1.198960356498684154e+00 nan
1.592282793341092173e+01 2.999968923032831469e+01 nan 1.002383616981708664e-01 nan 3.007119699902370602e+00 nan 2.620223463134507824e-05 nan -3.502489075666145348e-03 nan 1.198617994270285259e+00 nan
1.873817422860383886e+01 3.001024534492772489e+01 nan 1.002017297036350008e-01 nan 3.007078492392218472e+00 nan -2.340652492263117779e-04 nan -3.542439909832774750e-03 nan 1.198158468369271867e+00 nan
2.205130739903045622e+01 3.001401055506194027e+01 nan 1.001903811625840385e-01 nan 3.007115157729476351e+00 nan 6.619559473675096228e-05 nan -3.461263391609233336e-03 nan 1.199804918612772386e+00 nan
2.595024211399735847e+01 3.001111832650792977e+01 nan 1.001990956254805720e-01 nan 3.007086915025380502e+00 nan -2.239858834456320835e-04 nan -3.495150187025123072e-03 nan 1.200310697784636726e+00 nan
3.053855508833415655e+01 3.000498713098232528e+01 nan 1.002356469472142908e-01 nan 3.007569296716852580e+00 nan 9.136183452529422766e-05 nan -3.461937052954422531e-03 nan 1.200001015859216480e+00 nan
3.593813663804627367e+01 3.000250224930385201e+01 nan 1.002216126174789168e-01 nan 3.006899157984770365e+00 nan -1.400742210830863144e-04 nan -3.500484948936568533e-03 nan 1.199212094828711939e+00 nan
4.229242874389498752e+01 3.002032825853603626e+01 nan 1.001737204408792437e-01 nan 3.007247970514016266e+00 nan 7.026855375507068402e-04 nan -3.463939021213294223e-03 nan 1.199704665847042051e+00 nan
4.977023564332108663e+01 3.000191292308653246e+01 nan 1.002146890344492169e-01 nan 3.006632374025740351e+00 nan -1.204837450416995637e-04 nan -3.446799502894677680e-03 nan 1.199181833574139100e+00 nan
5.857020818056664524e+01 3.000930735586310405e+01 nan 1.002097778889014662e-01 nan 3.007226024730818459e+00 nan 3.068314402456806533e-04 nan -3.568166728241900162e-03 nan 1.198268807147067516e+00 nan
6.892612104349694846e+01 2.999564257539847034e+01 nan 1.002441792553098870e-01 nan 3.006888571206449257e+00 nan -8.970061375501714451e-05 nan -3.462728587164138911e-03 nan 1.199041179321539863e+00 nan
8.111308307896868541e+01 3.000712768259466756e+01 nan 1.002033755574145701e-01 nan 3.006815484578324593e+00 nan 4.184102319753080224e-04 nan -3.457801577558444143e-03 nan 1.198732508944290620e+00 nan
9.545484566618337396e+01 2.999558079455736248e+01 nan 1.002485907607615356e-01 nan 3.007014703704939507e+00 nan -3.052907512737235152e-04 nan -3.533705869660762073e-03 nan 1.199932933060251727e+00 nan
1.123324032978027702e+02 3.000988990967643133e+01 nan 1.001900857059723066e-01 nan 3.006693442077275069e+00 nan 1.397746593152504602e-04 nan -3.498269850772363181e-03 nan 1.198655801006810462e+00 nan
1.321941148466028721e+02 3.000407701443743491e+01 nan 1.001894153810471005e-01 nan 3.006090935124399621e+00 nan 1.833786241651758075e-04 nan -3.403993553319394766e-03 nan 1.200010194729471458e+00 nan
1.555676143930472222e+02 3.000070123292690738e+01 nan 1.002211594580625365e-01 nan 3.006705062118860905e+00 nan 1.482055246659896852e-04 nan -3.487818113954862208e-03 nan 1.199534283889741815e+00 nan
1.830738280295367701e+02 2.998265065573688304e+01 nan 1.002973010573555562e-01 nan 3.007178939315961141e+00 nan 8.292823046218700256e-05 nan -3.467429764286598590e-03 nan 1.198825988229971662e+00 nan
2.154434690031882269e+02 3.000588264704379071e+01 nan 1.002135948740939392e-01 nan 3.006997367430451984e+00 nan -6.685888421071872756e-04 nan -3.520681942409400848e-03 nan 1.198523418136266505e+00 nan
2.535364493970111539e+02 3.001728216729961929e+01 nan 1.001802189279636102e-01 nan 3.007137899142533932e+00 nan -2.153918069831561866e-04 nan -3.430811084915654126e-03 nan 1.199658242626618465e+00 nan
2.983647240283337396e+02 3.001387897285169615e+01 nan 1.001901701006107231e-01 nan 3.007095639669155052e+00 nan -3.712814578920031749e-04 nan -3.432953772796350222e-03 nan 1.200481839707784104e+00 nan
3.511191734215130964e+02 2.999971711450086076e+01 nan 1.002423462878943433e-01 nan 3.007242031530665827e+00 nan -1.570824094230260926e-04 nan -3.565842099269451657e-03 nan 1.198399005560924824e+00 nan
4.132012400115334572e+02 3.000666174801665065e+01 nan 1.002207159726422603e-01 nan 3.007289124335125852e+00 nan -3.167823783831735796e-04 nan -3.433804046776266390e-03 nan 1.200655119979970209e+00 nan
4.862601580065353346e+02 3.000959167096162261e+01 nan 1.002275634134507654e-01 nan 3.007788252213070113e+00 nan -1.048223586392893480e-04 nan -3.419916423841289164e-03 nan 1.199770959806252035e+00 nan
5.722367659350214808e+02 3.002279591644991186e+01 nan 1.002139389460183772e-01 nan 3.008702636959881271e+00 nan -7.214674192712600131e-04 nan -3.470652778668053065e-03 nan 1.200824151712118315e+00 nan
6.734150657750820983e+02 3.002106785996891958e+01 nan 1.001662586222049484e-01 nan 3.007098047376411731e+00 nan -8.317830799202674541e-04 nan -3.507983880133006948e-03 nan 1.199053577884800159e+00 nan
7.924828983539169940e+02 3.003926459987553343e+01 nan 1.001328847284898016e-01 nan 3.007918219507941249e+00 nan -1.074254719648948253e-03 nan -3.359823270046821773e-03 nan 1.199752910829458452e+00 nan
9.326033468832199560e+02 3.003979275755938971e+01 nan 1.001748767864669848e-01 nan 3.009232538179515082e+00 nan -1.169571197702001797e-03 nan -3.498585582469027674e-03 nan 1.199762701112601304e+00 nan
1.097498765493055544e+03 3.005409005888816409e+01 nan 1.002622724116187108e-01 nan 3.013291364567566966e+00 nan -1.019218540631250391e-03 nan -3.455960718268984329e-03 nan 1.199390536614487468e+00 nan
1.291549665014884113e+03 3.007092261399838407e+01 nan 1.002575093989718086e-01 nan 3.014835806608696878e+00 nan -1.587433070425969817e-03 nan -3.501514570201143088e-03 nan 1.198808691255678793e+00 nan
1.519911082952933157e+03 3.008449503046846374e+01 nan 1.002761518086261183e-01 nan 3.016757390761113822e+00 nan -3.002426148759784752e-03 nan -3.506641747875776077e-03 nan 1.199252449286361877e+00 nan
1.788649529057435075e+03 3.011438939554390970e+01 nan 1.002235177691070123e-01 nan 3.018170040690102862e+00 nan -3.827982581763311742e-03 nan -3.491825313107828777e-03 nan 1.198933033218124722e+00 nan
2.104904144512019684e+03 3.017234185533184387e+01 nan 1.001512699642630455e-01 nan 3.021798354607372783e+00 nan -4.359384008513877973e-03 nan -3.542836332672288750e-03 nan 1.197565206333525367e+00 nan
2.477076355991709079e+03 3.023437282569971529e+01 nan 1.001979980415470678e-01 nan 3.029423629176863919e+00 nan -5.676379400832320954e-03 nan -3.553846875181917216e-03 nan 1.198116137339548581e+00 nan
2.915053062825175857e+03 3.029480507848677107e+01 nan 1.002161592872025664e-01 nan 3.036029011320383386e+00 nan -7.884364625456274922e-03 nan -3.601560151661486065e-03 nan 1.195942751301252382e+00 nan
3.430469286314915735e+03 3.035908307511070348e+01 nan 1.003030085592134663e-01 nan 3.045107369532701558e+00 nan -1.170548550993677495e-02 nan -3.536552133083408541e-03 nan 1.196002924135423751e+00 nan
4.037017258596553802e+03 3.043969852569910373e+01 nan 1.002683658457435845e-01 nan 3.052138828008939431e+00 nan -1.673686241684890774e-02 nan -3.510883728335625984e-03 nan 1.197114536507845939e+00 nan
4.750810162102793583e+03 3.051271219942531943e+01 nan 1.003216232144233111e-01 nan 3.061084816520884377e+00 nan -2.180450275248224656e-02 nan -3.517453405842918112e-03 nan 1.196623000916657853e+00 nan
5.590810182512223037e+03 3.057680098194404650e+01 nan 1.003387576601077885e-01 nan 3.068038223748629445e+00 nan -2.974459663388984154e-02 nan -3.486013690599757114e-03 nan 1.197442115601818458e+00 nan
6.579332246575675526e+03 3.063562661119010855e+01 nan 1.003547930892372403e-01 nan 3.074431969725113678e+00 nan -3.908964161902606094e-02 nan -3.555766620981996428e-03 nan 1.197057175029411447e+00 nan
7.742636826811270112e+03 3.065796376068808371e+01 nan 1.003157693539450807e-01 nan 3.075477221478792433e+00 nan -4.963711057250463909e-02 nan -3.475650225474485704e-03 nan 1.196169075968359197e+00 nan
9.111627561154886280e+03 3.065148956499087163e+01 nan 1.003745332084110403e-01 nan 3.076628957228440875e+00 nan -6.174004839601554551e-02 nan -3.548371394796287059e-03 nan 1.197620448610619226e+00 nan
1.072267222010323167e+04 3.060068877583993441e+01 nan 1.004944007868298766e-01 nan 3.075197882192304721e+00 nan -7.566549215839568632e-02 nan -3.602586196680122779e-03 nan 1.193673818491470584e+00 nan
1.261856883066020964e+04 3.053936846453267151e+01 nan 1.004593914664162896e-01 nan 3.067966371715616258e+00 nan -9.112434470821906274e-02 nan -3.556376247386889167e-03 nan 1.194456369689762099e+00 nan
1.484968262254463480e+04 3.047899863775861817e+01 nan 1.005854407413977192e-01 nan 3.065743511335411231e+00 nan -1.079200753845763749e-01 nan -3.396876194333579239e-03 nan 1.198033699571647626e+00 nan
1.747528400007683013e+04 3.035709634147712421e+01 nan 1.005498468687474056e-01 nan 3.052401388515336933e+00 nan -1.269782381081845379e-01 nan -3.226876016236467516e-03 nan 1.207881783895210726e+00 nan
2.056512308348651641e+04 3.023221618818715584e+01 nan 1.007115580132102867e-01 nan 3.044733594504525964e+00 nan -1.492885010827382786e-01 nan -3.458037616410039507e-03 nan 1.199467304520951405e+00 nan
2.420128264794383358e+04 3.010419084670930445e+01 nan 1.006455310846284951e-01 nan 3.029852275640069870e+00 nan -1.762201175202831038e-01 nan -3.391559490310616914e-03 nan 1.200613003493656183e+00 nan
2.848035868435799057e+04 2.992838426973198196e+01 nan 1.006676446004266673e-01 nan 3.012819951130379259e+00 nan -2.051147427911068633e-01 nan -3.468151666415958921e-03 nan 1.198589714191529598e+00 nan
3.351602650938840816e+04 2.967343429029328661e+01 nan 1.007702753253628819e-01 nan 2.990200143281918521e+00 nan -2.393506529338549349e-01 nan -3.523318553116035288e-03 nan 1.198960655005546050e+00 nan
3.944206059437656222e+04 2.936225072198767450e+01 nan 1.009633614651266886e-01 nan 2.964511533073718841e+00 nan -2.791556654427069795e-01 nan -3.196832935472691643e-03 nan 1.202410436440009001e+00 nan
4.641588833612772578e+04 2.894938147949528329e+01 nan 1.008053383604868708e-01 nan 2.918252195367334156e+00 nan -3.243734665063451317e-01 nan -3.283759887678334728e-03 nan 1.202960831986645607e+00 nan
5.462277217684336938e+04 2.840929947563451918e+01 nan 1.009632969818047982e-01 nan 2.868296540003519191e+00 nan -3.781938909613189459e-01 nan -3.588807734386211847e-03 nan 1.198635530973507057e+00 nan
6.428073117284318869e+04 2.769900151481581929e+01 nan 1.010298584081533446e-01 nan 2.798426201089067256e+00 nan -4.370219455581731971e-01 nan -3.508227169246518756e-03 nan 1.199234502992079232e+00 nan
7.564633275546290679e+04 2.679075399975333127e+01 nan 1.012240091879028359e-01 nan 2.711867529021875889e+00 nan -5.031351697698243086e-01 nan -3.495744626362631315e-03 nan 1.200180097086767095e+00 nan
8.902150854450374027e+04 2.568789361685768213e+01 nan 1.012660745327397527e-01 nan 2.601312149593799639e+00 nan -5.751778431270255787e-01 nan -3.706142918939431870e-03 nan 1.193800498210416672e+00 nan
1.047615752789664111e+05 2.435297044401194100e+01 nan 1.015719917429945274e-01 nan 2.473579712856570634e+00 nan -6.528457736382629051e-01 nan -3.671110094549903929e-03 nan 1.191470564458463777e+00 nan
1.232846739442065882e+05 2.279838858435178750e+01 nan 1.015264629915276218e-01 nan 2.314639754875657651e+00 nan -7.315604144540173159e-01 nan -3.423189069474146147e-03 nan 1.200788682598955326e+00 nan
1.450828778495940205e+05 2.109687868508704156e+01 nan 1.015544465444262745e-01 nan 2.142481838678917949e+00 nan -8.150343871751366542e-01 nan -3.517445759454191495e-03 nan 1.200018310440086555e+00 nan
1.707352647470688680e+05 1.925126541370694611e+01 nan 1.013380655492623905e-01 nan 1.950885996400482547e+00 nan -8.995244534320563368e-01 nan -3.470290818546093326e-03 nan 1.198558352189556198e+00 nan
2.009233002565045899e+05 1.737189648667605368e+01 nan 1.012675545576965236e-01 nan 1.759209475235123721e+00 nan -9.772004807181522423e-01 nan -3.552055900729803820e-03 nan 1.204440439774808302e+00 nan
2.364489412645407137e+05 1.541433991770202283e+01 nan 1.012374006922074771e-01 nan 1.560507706654288063e+00 nan -1.053627227584090775e+00 nan -3.738475705832600918e-03 nan 1.193465557864849202e+00 nan
2.782559402207125677e+05 1.361191376576876877e+01 nan 1.009039206429749314e-01 nan 1.373495466420149969e+00 nan -1.120262317664745488e+00 nan -3.272614575753507015e-03 nan 1.207171922986961743e+00 nan
3.274549162877724739e+05 1.188959913335808416e+01 nan 1.006706191836896219e-01 nan 1.196933306601017932e+00 nan -1.184178070485933709e+00 nan -3.642744258249376588e-03 nan 1.196386855316277975e+00 nan
3.853528593710527639e+05 1.033686143861567786e+01 nan 1.006487635255097352e-01 nan 1.040392322531189739e+00 nan -1.246516018246525803e+00 nan -3.472615059008274906e-03 nan 1.195716026047372260e+00 nan
4.534878508128582034e+05 8.912459203410314501e+00 nan 1.002156919701899379e-01 nan 8.931682662258525474e-01 nan -1.296605546374158147e+00 nan -3.043129473711236356e-03 nan 1.211151949394867477e+00 nan
5.336699231206302065e+05 7.655463283866538404e+00 nan 9.995887957145851987e-02 nan 7.652315324557377174e-01 nan -1.344650894794377383e+00 nan -3.444513491273373720e-03 nan 1.200990777995905923e+00 nan
6.280291441834246507e+05 6.543048030700926887e+00 nan 9.984626133743024212e-02 nan 6.532988836167230584e-01 nan -1.383991058333235546e+00 nan -3.592075596587508256e-03 nan 1.190846459953207370e+00 nan
7.390722033525775187e+05 5.624168045706273489e+00 nan 9.935286723402891873e-02 nan 5.587772211469232975e-01 nan -1.421601960416803756e+00 nan -3.442855506887277685e-03 nan 1.196664860773055228e+00 nan
8.697490026177833788e+05 4.792044060690906271e+00 nan 9.937670186197190836e-02 nan 4.762175339287134102e-01 nan -1.452498024921664577e+00 nan -3.281419152669615927e-03 nan 1.198547557875771830e+00 nan
1.023531021899024723e+06 4.081919339979376282e+00 nan 9.924246826441156244e-02 nan 4.050997505557910605e-01 nan -1.482849748966559300e+00 nan -3.561433892720024339e-03 nan 1.196434993980235006e+00 nan
1.204503540258781053e+06 3.488490477372961251e+00 nan 9.840672191045878037e-02 nan 3.432909122941246172e-01 nan -1.514109267482756760e+00 nan -3.259193650139010842e-03 nan 1.195997186764709896e+00 nan
1.417474162926804740e+06 2.960944048140521367e+00 nan 9.835201092698976633e-02 nan 2.912148013769218502e-01 nan -1.537680281188261500e+00 nan -3.781341987772759549e-03 nan 1.190318438265593359e+00 nan
1.668100537200059043e+06 2.502162750654884249e+00 nan 9.793382405615409791e-02 nan 2.450463665824980097e-01 nan -1.567380146106212457e+00 nan -4.138415665519825336e-03 nan 1.186856851872808427e+00 nan
1.963040650040268432e+06 2.096076430752504827e+00 nan 9.740833512224252033e-02 nan 2.041753154085739763e-01 nan -1.582447900252308415e+00 nan -3.069840077950299322e-03 nan 1.207235693261287768e+00 nan
2.310129700083157979e+06 1.789145207344011723e+00 nan 9.678020284305111076e-02 nan 1.731538360824261824e-01 nan -1.614628553391935561e+00 nan -3.030453526291563074e-03 nan 1.198416866051057461e+00 nan
2.718588242732940242e+06 1.516627723800946903e+00 nan 9.500386915804644172e-02 nan 1.440855018334509519e-01 nan -1.623785833138621681e+00 nan -3.281367699439641499e-03 nan 1.194778861141651216e+00 nan
3.199267137797384523e+06 1.303947503419811804e+00 nan 9.405636902850531000e-02 nan 1.226445675754520015e-01 nan -1.661231991326583390e+00 nan -3.670948178909364586e-03 nan 1.188871647906877049e+00 nan
3.764935806792463642e+06 1.102947869630021893e+00 nan 9.207094585044715840e-02 nan 1.015494535805717968e-01 nan -1.690289803181752593e+00 nan -3.290714573505603389e-03 nan 1.200235471501574169e+00 nan
4.430621457583877258e+06 9.243614791974439360e-01 nan 8.981446836914068477e-02 nan 8.302103483503092685e-02 nan -1.746779653676089117e+00 nan -5.020590940715940163e-03 nan 1.178708798364993759e+00 nan
5.214008287999684922e+06 7.720772628007838145e-01 nan 8.630751614050821696e-02 nan 6.663607082089804956e-02 nan -1.781842861705151604e+00 nan -3.500910566564223794e-03 nan 1.205067452979316833e+00 nan
6.135907273413163610e+06 6.642631001828078752e-01 nan 8.293942633896345118e-02 nan 5.509360046730349403e-02 nan -1.844030346989676161e+00 nan -3.144772036518867896e-03 nan 1.201327287361133589e+00 nan
7.220809018385455944e+06 5.473099891158641483e-01 nan 7.805123336131268574e-02 nan 4.271821968145982085e-02 nan -1.845388226323464664e+00 nan -3.771840231129086618e-03 nan 1.178158302855446760e+00 nan
8.497534359086439013e+06 4.848111140514264616e-01 nan 7.241524408260802126e-02 nan 3.510771515799516324e-02 nan -1.917685977806598885e+00 nan -3.180009930882873089e-03 nan 1.209844205460669064e+00 nan
1.000000000000000000e+07 3.988478310578233432e-01 nan 6.663467724320949748e-02 nan 2.657709649169220575e-02 nan -2.075718784907321535e+00 nan -3.417335851117833407e-03 nan 1.200034514901922256e+00 nan
