1.000000000000000000e+00 6.709498032057834571e+00 nan 1.001919796587461275e-01 nan 6.722378903483356982e-01 nan -1.747323049251736649e-03 nan -3.192037080978502549e-03 nan -5.244402561317922096e-02 nan
1.149756995397735793e+00 6.713476898576695717e+00 nan 1.001937428994546658e-01 nan 6.726483783374217484e-01 nan -1.809530429795369599e-03 nan -3.182597376984187473e-03 nan -5.222263020303263836e-02 nan
1.321941148466029059e+00 6.712021416471327662e+00 nan 1.001753387625945735e-01 nan 6.723790191768050928e-01 nan -3.206210990373659087e-03 nan -3.167968761372385450e-03 nan -5.239028957037428907e-02 nan
1.519911082952933645e+00 6.709152382553368987e+00 nan 1.002278562465932776e-01 nan 6.724439605350478466e-01 nan -4.141696657738336285e-03 nan -3.126521024471062924e-03 nan -5.248556259917470934e-02 nan
1.747528400007683835e+00 6.710697756950730231e+00 nan 1.001945747714526186e-01 nan 6.723755081774193121e-01 nan -4.037364614984717548e-03 nan -3.069472601223045046e-03 nan -5.303528847178555494e-02 nan
2.009233002565047332e+00 6.709634047784263977e+00 nan 1.001928308555495722e-01 nan 6.722572292522851489e-01 nan -4.407433717025455167e-03 nan -3.076565247710624004e-03 nan -5.296481254227133895e-02 nan
2.310129700083159765e+00 6.713395011656105638e+00 nan 1.002076116283456692e-01 nan 6.727332800357082032e-01 nan -4.986585927142961339e-03 nan -3.061237873201584029e-03 nan -5.311213433947278850e-02 nan
2.656087782946686460e+00 6.714365218397189139e+00 nan 1.001563820516816472e-01 nan 6.724865280483117713e-01 nan -6.181348370523753744e-03 nan -3.049758973785587392e-03 nan -5.304844976044292837e-02 nan
3.053855508833415389e+00 6.711939684482328694e+00 nan 1.002006132031719593e-01 nan 6.725404721678338582e-01 nan -6.486661962212370014e-03 nan -3.116253755166650385e-03 nan -5.217145546992465327e-02 nan
3.511191734215131088e+00 6.710976864771913242e+00 nan 1.001768217122811083e-01 nan 6.722843328974992261e-01 nan -8.439424825687602549e-03 nan -3.045889238255366366e-03 nan -5.247783698528109969e-02 nan
4.037017258596554470e+00 6.709547287522943826e+00 nan 1.002139501745503009e-01 nan 6.723902375656134467e-01 nan -8.921786333538683778e-03 nan -3.029143744835809116e-03 nan -5.250158990768071660e-02 nan
4.641588833612779297e+00 6.709179714407387252e+00 nan 1.002198318060899956e-01 nan 6.723928625347392884e-01 nan -1.072268950756605221e-02 nan -3.032665531431662925e-03 nan -5.338950795755934703e-02 nan
5.336699231206309513e+00 6.711341607373996432e+00 nan 1.001678045165135672e-01 nan 6.722603541709823993e-01 nan -1.102385554758145148e-02 nan -3.059161737677399545e-03 nan -5.170979952193576618e-02 nan
6.135907273413172547e+00 6.705079219058340811e+00 nan 1.002276470853905310e-01 nan 6.720343136473653223e-01 nan -1.358925338377847680e-02 nan -3.068090855793872279e-03 nan -5.306637282488568808e-02 nan
7.054802310718643277e+00 6.713229046914564790e+00 nan 1.001638457600500937e-01 nan 6.724228388070385698e-01 nan -1.542281793049271599e-02 nan -3.059458951394259090e-03 nan -5.291029450647911220e-02 nan
8.111308307896871739e+00 6.709984137844607233e+00 nan 1.002151408111328079e-01 nan 6.724420052145648752e-01 nan -1.761612660089939553e-02 nan -3.082378163855427258e-03 nan -5.309938554869967492e-02 nan
9.326033468832198636e+00 6.709228393894666631e+00 nan 1.001524963927937217e-01 nan 6.719459725179648402e-01 nan -2.015204189216746045e-02 nan -3.089750472402356864e-03 nan -5.273133762513314976e-02 nan
1.072267222010323096e+01 6.711086638426278839e+00 nan 1.001627629218265619e-01 nan 6.722009799125293616e-01 nan -2.386645736514747540e-02 nan -3.132489498451115038e-03 nan -5.303572022367813998e-02 nan
1.232846739442065953e+01 6.712856641655922552e+00 nan 1.001566326405667062e-01 nan 6.723371166271205901e-01 nan -2.765028672276681476e-02 nan -3.031944469526363060e-03 nan -5.284655943681883239e-02 nan
1.417474162926805548e+01 6.710129807090374321e+00 nan 1.001838408282651888e-01 nan 6.722465765305398744e-01 nan -3.089914670707916144e-02 nan -3.080788891972858091e-03 nan -5.268378752206353405e-02 nan
1.629750834620644184e+01 6.707542727870067445e+00 nan 1.002083194343262595e-01 nan 6.721515842937958451e-01 nan -3.578344184439075093e-02 nan -3.019128560702543686e-03 nan -5.353224797607634977e-02 nan
1.873817422860383886e+01 6.704187035851185250e+00 nan 1.001965688669148730e-01 nan 6.717365380343411907e-01 nan -4.130569751747481533e-02 nan -3.052861586586936172e-03 nan -5.308842833895974223e-02 nan
2.154434690031884614e+01 6.699912158707483023e+00 nan 1.002127950812667645e-01 nan 6.714169242230406676e-01 nan -4.793679641725701046e-02 nan -3.024885335107342210e-03 nan -5.297891036497959921e-02 nan
2.477076355991711409e+01 6.700651528144850211e+00 nan 1.001925612750053235e-01 nan 6.713554388161109276e-01 nan -5.443609359361190059e-02 nan -3.020613460543546992e-03 nan -5.315273490593812322e-02 nan
2.848035868435801987e+01 6.694669071259188087e+00 nan 1.002093035534480647e-01 nan 6.708681251516922517e-01 nan -6.331090199605116098e-02 nan -3.037465995376810966e-03 nan -5.302204165792855084e-02 nan
3.274549162877728037e+01 6.690561516259974972e+00 nan 1.001949714982303397e-01 nan 6.703606204288249382e-01 nan -7.239838814571220027e-02 nan -3.141474994742012722e-03 nan -5.304695857798091829e-02 nan
3.764935806792467332e+01 6.687860757445450055e+00 nan 1.002047199979597819e-01 nan 6.701552145851645825e-01 nan -8.294055901492747296e-02 nan -3.086879162262855768e-03 nan -5.334094505044059686e-02 nan
4.328761281083059487e+01 6.677536761019696065e+00 nan 1.002230416341556712e-01 nan 6.692430448132820064e-01 nan -9.518534049035398681e-02 nan -3.085444590236395904e-03 nan -5.309299256360340558e-02 nan
4.977023564332111505e+01 6.668158333761494916e+00 nan 1.001892631113693310e-01 nan 6.680778697695005652e-01 nan -1.085098146461600521e-01 nan -3.024343479440157363e-03 nan -5.363263184024715663e-02 nan
5.722367659350216940e+01 6.656966540900100426e+00 nan 1.002019406631719928e-01 nan 6.670409663279931456e-01 nan -1.243884348912849269e-01 nan -3.089431933186657844e-03 nan -5.372813202546569689e-02 nan
6.579332246575683030e+01 6.640410030275487152e+00 nan 1.001789732907126806e-01 nan 6.652294590623486492e-01 nan -1.442302184668373677e-01 nan -3.072992574590080895e-03 nan -5.313437798562065800e-02 nan
7.564633275546290747e+01 6.618712287873897537e+00 nan 1.001964285521752124e-01 nan 6.631713328593611401e-01 nan -1.653966652816469818e-01 nan -3.107916248703203495e-03 nan -5.338768166981638919e-02 nan
8.697490026177834466e+01 6.592886560707593269e+00 nan 1.001806047527775273e-01 nan 6.604793627181462234e-01 nan -1.892713548018383207e-01 nan -3.112187518481772039e-03 nan -5.317137868027671521e-02 nan
1.000000000000000000e+02 6.549933623600545651e+00 nan 1.002237253550921220e-01 nan 6.564587485858244253e-01 nan -2.172049219796376995e-01 nan -3.092271040000535171e-03 nan -5.275685051452359831e-02 nan
1.149756995397735579e+02 6.506337721674359642e+00 nan 1.001846931472601676e-01 nan 6.518354481583895632e-01 nan -2.478049289284438572e-01 nan -3.087787656529519809e-03 nan -5.332305261932665519e-02 nan
1.321941148466028721e+02 6.438348578369474495e+00 nan 1.002611484202793751e-01 nan 6.455162223973965885e-01 nan -2.830783117462241094e-01 nan -3.110143050102219357e-03 nan -5.373042246928267512e-02 nan
1.519911082952933157e+02 6.363544937635925436e+00 nan 1.001795192020495523e-01 nan 6.374968722730034454e-01 nan -3.230561094687995904e-01 nan -3.050761977480581644e-03 nan -5.315092265648955344e-02 nan
1.747528400007684866e+02 6.258706817696554126e+00 nan 1.002137331499067530e-01 nan 6.272083748921445379e-01 nan -3.671958354504134547e-01 nan -3.081649286427331179e-03 nan -5.352906836684982739e-02 nan
2.009233002565048025e+02 6.126898903616417869e+00 nan 1.001861018593535185e-01 nan 6.138301176396758763e-01 nan -4.159623631136897259e-01 nan -3.112279021635556975e-03 nan -5.371914928899467617e-02 nan
2.310129700083160458e+02 5.973880454653639482e+00 nan 1.001962128851222461e-01 nan 5.985601977847468946e-01 nan -4.692954511545273100e-01 nan -3.194320403244025035e-03 nan -5.303514582402631822e-02 nan
2.656087782946686957e+02 5.783683072770196887e+00 nan 1.002323722009583057e-01 nan 5.797122744422845697e-01 nan -5.292364402613172203e-01 nan -3.099241622754835522e-03 nan -5.399421414671447955e-02 nan
3.053855508833415797e+02 5.559687365233338951e+00 nan 1.001596857643101829e-01 nan 5.568565394495768039e-01 nan -5.906138898045960595e-01 nan -3.077445130175920224e-03 nan -5.320396071804932292e-02 nan
3.511191734215130964e+02 5.297129523339724422e+00 nan 1.002171211868607970e-01 nan 5.308630713830353454e-01 nan -6.562387681644237247e-01 nan -3.063783112891463149e-03 nan -5.294101564378455443e-02 nan
4.037017258596553688e+02 5.003546419090385555e+00 nan 1.002208729272763693e-01 nan 5.014597898533862397e-01 nan -7.242120844817496739e-01 nan -3.063524278407517287e-03 nan -5.224715254622148974e-02 nan
4.641588833612781855e+02 4.679307898518263897e+00 nan 1.001736280458608574e-01 nan 4.687432489382273859e-01 nan -7.929571733900377950e-01 nan -3.108502077489500894e-03 nan -5.295425996495777693e-02 nan
5.336699231206312106e+02 4.335888336400000931e+00 nan 1.001855075907512743e-01 nan 4.343931738390522379e-01 nan -8.628991875257305821e-01 nan -3.155196890798384578e-03 nan -5.233805768301356270e-02 nan
6.135907273413175744e+02 3.979680109054108961e+00 nan 1.001973762434681392e-01 nan 3.987535052155408710e-01 nan -9.285106870350317010e-01 nan -3.096439306819848917e-03 nan -5.275996433181075890e-02 nan
7.054802310718645231e+02 3.617576916125985420e+00 nan 1.002173525593315351e-01 nan 3.625439812138971929e-01 nan -9.933334866346559267e-01 nan -3.117541857276336873e-03 nan -5.333382936538840630e-02 nan
8.111308307896872520e+02 3.264581470238942629e+00 nan 1.001696981977038686e-01 nan 3.270121406156512589e-01 nan -1.052817916777271989e+00 nan -3.080986544887107624e-03 nan -5.316875617118885233e-02 nan
9.326033468832199560e+02 2.934129652531951127e+00 nan 1.001298640542719887e-01 nan 2.937940032256325940e-01 nan -1.109813046429734662e+00 nan -3.170531953447005679e-03 nan -5.255571691142663787e-02 nan
1.072267222010323167e+03 2.613504289912755851e+00 nan 1.001969300169548993e-01 nan 2.618651064353997859e-01 nan -1.160819008087712989e+00 nan -3.091338257938874151e-03 nan -5.320827824102031950e-02 nan
1.232846739442065882e+03 2.311037950106380467e+00 nan 1.001663132677025614e-01 nan 2.314881512839048472e-01 nan -1.204592845069060170e+00 nan -3.002896104834555224e-03 nan -5.305239369067770577e-02 nan
1.417474162926804865e+03 2.047450517056586428e+00 nan 1.002172935180451474e-01 nan 2.051899494315332362e-01 nan -1.243702273687177673e+00 nan -3.049799549972827001e-03 nan -5.139962287548179715e-02 nan
1.629750834620645037e+03 1.808134159973576294e+00 nan 1.001577318268867950e-01 nan 1.810986163016666817e-01 nan -1.281946005766387842e+00 nan -2.943064480429600626e-03 nan -5.253651390437008573e-02 nan
1.873817422860385022e+03 1.587926522990702471e+00 nan 1.001669182011364900e-01 nan 1.590577061378247725e-01 nan -1.317358990756096304e+00 nan -3.057125096135735604e-03 nan -5.285949344353868540e-02 nan
2.154434690031884656e+03 1.393544281783035688e+00 nan 1.002685416462504309e-01 nan 1.397286528538564665e-01 nan -1.339354928267536771e+00 nan -3.129977405942387277e-03 nan -5.323596008704019333e-02 nan
2.477076355991711353e+03 1.224544839548176167e+00 nan 1.002065271365180921e-01 nan 1.227073856940675001e-01 nan -1.364289774091068663e+00 nan -3.062578565176140959e-03 nan -5.455141256787057746e-02 nan
2.848035868435802058e+03 1.069780083823707262e+00 nan 1.001835958546374861e-01 nan 1.071744155711344959e-01 nan -1.391955662444031683e+00 nan -3.161651321991449260e-03 nan -5.409912341728030649e-02 nan
3.274549162877728577e+03 9.368630166144847893e-01 nan 1.002300596061596466e-01 nan 9.390183599807634673e-02 nan -1.405658355023687411e+00 nan -3.116775154602639299e-03 nan -5.337468965673428795e-02 nan
3.764935806792467247e+03 8.144061164776688067e-01 nan 1.002098250085583786e-01 nan 8.161149441812680372e-02 nan -1.419208641803047621e+00 nan -3.156880685178373169e-03 nan -5.346990454422203415e-02 nan
4.328761281083061476e+03 7.134628268511158389e-01 nan 1.003345194154249692e-01 nan 7.158494985287726375e-02 nan -1.431481140506974281e+00 nan -3.115813340101829775e-03 nan -5.332962707448717088e-02 nan
4.977023564332113892e+03 6.240395421165805256e-01 nan 1.003094503945759358e-01 nan 6.259706349419701110e-02 nan -1.449355504073659651e+00 nan -3.132368413402921228e-03 nan -5.353486204387982589e-02 nan
5.722367659350220492e+03 5.431134054643252940e-01 nan 1.003859138357525438e-01 nan 5.452093552398389747e-02 nan -1.462131766894993135e+00 nan -3.050334632087724641e-03 nan -5.392362663387281069e-02 nan
6.579332246575682802e+03 4.749195624372181124e-01 nan 1.003616406664343264e-01 nan 4.766370647078430750e-02 nan -1.468841327799883523e+00 nan -3.029293573155788198e-03 nan -5.382127574625223537e-02 nan
7.564633275546290861e+03 4.075081859313680055e-01 nan 1.003525794538221716e-01 nan 4.089449760676054646e-02 nan -1.469365493089790142e+00 nan -3.075230576396038515e-03 nan -5.405275631160736532e-02 nan
8.697490026177834807e+03 3.626339856784225879e-01 nan 1.004082155685044886e-01 nan 3.641143140646502241e-02 nan -1.474771082649316334e+00 nan -3.063519771015967008e-03 nan -5.341124164757494325e-02 nan
1.000000000000000000e+04 3.181670069167636949e-01 nan 1.003941153402421876e-01 nan 3.194209518986120683e-02 nan -1.463407878799032336e+00 nan -3.095078067036312938e-03 nan -5.458959247679131405e-02 nan
1.149756995397735591e+04 2.781715039849627646e-01 nan 1.005053193911092796e-01 nan 2.795771585351390989e-02 nan -1.486145988165836540e+00 nan -3.146532569757270938e-03 nan -5.533207783824329457e-02 nan
1.321941148466028790e+04 2.441099221492256666e-01 nan 1.005279752812139743e-01 nan 2.453987621971642427e-02 nan -1.493046431328814094e+00 nan -3.197162525929116150e-03 nan -5.479779516156264851e-02 nan
1.519911082952933066e+04 2.098166029628895368e-01 nan 1.005585538555889835e-01 nan 2.109885416884045919e-02 nan -1.458424797312347643e+00 nan -3.208070352501329707e-03 nan -5.359231921839564816e-02 nan
1.747528400007683013e+04 1.850432589056976440e-01 nan 1.005538541254260010e-01 nan 1.860681286289695563e-02 nan -1.447698144760318772e+00 nan -3.156281362721009842e-03 nan -5.314891513351294866e-02 nan
2.009233002565045899e+04 1.568749401677195787e-01 nan 1.005751600396313922e-01 nan 1.577772221357599466e-02 nan -1.466571404102551712e+00 nan -3.402296088309884111e-03 nan -5.284482831158666266e-02 nan
2.310129700083157877e+04 1.398722102478548168e-01 nan 1.006312345821286924e-01 nan 1.407551320097270332e-02 nan -1.423723579521751104e+00 nan -3.144226845131661233e-03 nan -5.387061500103691031e-02 nan
2.656087782946689549e+04 1.247452432466422539e-01 nan 1.006340546249443885e-01 nan 1.255361962308457202e-02 nan -1.413627164389182900e+00 nan -3.161344132905328196e-03 nan -5.378200631440969298e-02 nan
3.053855508833418571e+04 1.122309435582441589e-01 nan 1.007077786095190025e-01 nan 1.130252901700107629e-02 nan -1.440672760738813674e+00 nan -3.135187244953045911e-03 nan -5.276520019430391145e-02 nan
3.511191734215134784e+04 9.746901049620858293e-02 nan 1.008328431171457429e-01 nan 9.828077444147631167e-03 nan -1.472218498079346238e+00 nan -3.143929679675111066e-03 nan -5.323979041169754622e-02 nan
4.037017258596557804e+04 9.240391295030454810e-02 nan 1.008255097287514696e-01 nan 9.316671624145634809e-03 nan -1.266367168250154274e+00 nan -3.115912045298062805e-03 nan -5.396473855577955947e-02 nan
4.641588833612782037e+04 6.366701515978068215e-02 nan 1.009282421282750863e-01 nan 6.425799921630905541e-03 nan -1.493429991374688015e+00 nan -3.148254552677107274e-03 nan -5.421770904642482514e-02 nan
5.336699231206312834e+04 6.662508250054158254e-02 nan 1.010170288418807960e-01 nan 6.730267880549896733e-03 nan -1.541178779374803076e+00 nan -3.176805783463195788e-03 nan -5.464265743187473462e-02 nan
6.135907273413175426e+04 5.733025239582045102e-02 nan 1.010001636134157249e-01 nan 5.790364871976284682e-03 nan -1.667822270702490783e+00 nan -3.416876605893089721e-03 nan -5.447241250294346249e-02 nan
7.054802310718645458e+04 5.201910805293628176e-02 nan 1.011408971951793107e-01 nan 5.261259259766952641e-03 nan -1.527633923204804178e+00 nan -2.959765955315867697e-03 nan -5.438295506174908173e-02 nan
8.111308307896871702e+04 4.593214766325197373e-02 nan 1.011559999289732836e-01 nan 4.646312325761506844e-03 nan -1.635620217535712406e+00 nan -3.114310811113161354e-03 nan -5.340434304405861782e-02 nan
9.326033468832199287e+04 2.839484617930796567e-02 nan 1.010626441498004846e-01 nan 2.869658235107722978e-03 nan -1.537259334094753349e+00 nan -3.399976969048366156e-03 nan -5.424213936444235995e-02 nan
1.072267222010323167e+05 4.225293943894296161e-02 nan 1.014814416257582980e-01 nan 4.287889207189790955e-03 nan -1.396425113567181686e+00 nan -3.053699128833510697e-03 nan -5.458830112663200229e-02 nan
1.232846739442065882e+05 2.613776887674648663e-02 nan 1.014310847659312953e-01 nan 2.651182250529593790e-03 nan -4.215688551056242517e-01 nan -3.012169467643787280e-03 nan -5.363175833505725437e-02 nan
1.417474162926804856e+05 2.171712829063115677e-02 nan 1.013057545088644623e-01 nan 2.200070067248195444e-03 nan -1.158756780173274548e+00 nan -3.184425586682703996e-03 nan -5.409904014478152806e-02 nan
1.629750834620643582e+05 4.769152839808502714e-02 nan 1.013023967391643160e-01 nan 4.831266130879930884e-03 nan -9.002845603995250912e-01 nan -2.821823429332499453e-03 nan -5.278264084017395691e-02 nan
1.873817422860382940e+05 1.166638067296263577e-02 nan 1.013850877691755414e-01 nan 1.182797028476929987e-03 nan -1.794598536854043580e+00 nan -3.276268321789010517e-03 nan -5.316846177647655686e-02 nan
2.154434690031886566e+05 2.407940303805123153e-02 nan 1.013012402287007951e-01 nan 2.439273391721335539e-03 nan -1.438784210765628346e+00 nan -2.947238242797610170e-03 nan -5.237861494624494740e-02 nan
2.477076355991713936e+05 1.671792436539099730e-02 nan 1.013079004958523793e-01 nan 1.693657818106217208e-03 nan 1.595057714228117263e+00 nan -3.174948408028356681e-03 nan -5.485984827958517718e-02 nan
2.848035868435804732e+05 4.644040587668796759e-03 nan 1.008491081616859075e-01 nan 4.683473515330698316e-04 nan -5.183256022732702917e-01 nan -2.752393605121309511e-03 nan -5.288301284719008205e-02 nan
3.274549162877731724e+05 1.005974655844108293e-02 nan 1.010089363759745645e-01 nan 1.016124300080004442e-03 nan -6.953261470244656017e-01 nan -3.069705184834306110e-03 nan -5.276130902601121331e-02 nan
3.764935806792471558e+05 7.754098362582745145e-03 nan 1.008009604551298871e-01 nan 7.816205624118907277e-04 nan -2.223818883842904270e+00 nan -3.097581141262941741e-03 nan -5.358086193939775449e-02 nan
4.328761281083061476e+05 8.084594717308856912e-03 nan 1.003232258222864770e-01 nan 8.110726215062408163e-04 nan 1.380043304330800247e+00 nan -3.329754995491088308e-03 nan -5.498392507867724127e-02 nan
4.977023564332113601e+05 1.590311445279658786e-02 nan 1.001459207157556625e-01 nan 1.592632039123355239e-03 nan -2.549611659084367155e+00 nan -2.599626362449047618e-03 nan -5.386205648202001262e-02 nan
5.722367659350220347e+05 2.137646524768044981e-03 nan 1.000807047932313065e-01 nan 2.139371707975875074e-04 nan -1.362202839752639338e+00 nan -2.545687194112785778e-03 nan -5.479725390318686273e-02 nan
6.579332246575682657e+05 3.802069568622545685e-03 nan 9.986668069518750412e-02 nan 3.797000675905170728e-04 nan -1.870891220734848481e+00 nan -3.046433746475690589e-03 nan -5.400168206667650683e-02 nan
7.564633275546290679e+05 5.186873000263287486e-03 nan 9.957056699984573322e-02 nan 5.164598855924065193e-04 nan 2.933274120184009348e+00 nan -2.427403737756212744e-03 nan -4.991965893320583769e-02 nan
8.697490026177833788e+05 9.954209939839950977e-03 nan 9.951448102782994853e-02 nan 9.905880362052390392e-04 nan -1.522168264743098076e+00 nan -2.164649863843292298e-03 nan -5.192147533381084867e-02 nan
1.000000000000000000e+06 1.054840410233102120e-02 nan 9.922162407161047581e-02 nan 1.046629786396922283e-03 nan 8.405321403031091876e-01 nan -3.275953871554650784e-03 nan -5.227657015778229554e-02 nan
