*	VF1	VF2
-0.00112876545259155	5.07491347397075	2.49144854573881
-0.00112564045258523	5.07031118654409	2.49934323957774
-0.0011193904525868	5.05173527416871	2.51500801431633
-0.00111860920259232	5.04276542470336	2.51694741347766
-0.00111851154633769	5.03963357101392	2.51718951718748
-0.00111846271821037	5.03519534021188	2.51731035105179
-0.00111845661470511	5.03457060409906	2.51732545180318
-0.00111841999360252	5.02577692347557	2.51741590664578
-0.00111841694184989	5.02432338975364	2.51742342601364
-0.00111839863130569	5.00453914734617	2.51746837675848
-0.00111838642426676	4.90776798526349	2.51749747572539
-0.00111837421724204	4.65304975200437	2.51752427428596
-0.0011183711654752	4.56586671256311	2.51753051805201
-0.001118352854931	3.99265732942226	2.51756227907529
-0.00111833076140044	3.29116014244671	2.5175869289363
-0.0011182917235999	2.05190796420117	2.51759369148877
-0.00111821364798459	-0.423501951540509	2.51746627189437
-0.00111806450887286	-4.86294363128431	2.51672588536865
-0.00111800124307138	-5.01732807632313	2.51629788611385
-0.0011179474636549	-4.99941899242589	2.51591495674335
-0.00111789025271491	-4.99507448655028	2.51550160512654
-0.00111781019570856	-4.99517847313378	2.51492048474662
-0.00111765008172426	-4.9953048532102	2.51375644741962
-0.00111732985374147	-4.99536149340418	2.51142735688323
-0.00111668939776166	-4.99547233381118	2.50677005000244
-0.00111540848583047	-4.99569532549871	2.49746287664685
-0.00111284666193967	-4.99614029445501	2.47888139884499
-0.00110772301417228	-4.99702604631832	2.44185201781708
-0.00109747571865171	-4.99878086402145	2.36832614617272
-0.00107698112759635	-5.00222456871822	2.22338043748858
-0.00103599194548565	-5.0088549544167	1.94170241252615
-0.000954013581250024	-5.02113894740814	1.40958361934158
-0.000854013581246704	-5.03447832320684	0.813156743783512
-0.000754013581257595	-5.04615188271623	0.270143026212609
-0.000654013581254276	-5.05630403481268	-0.224017278148016
-0.000554013581250956	-5.06507106052929	-0.673642028563341
-0.000454013581247636	-5.07257848662898	-1.08271801516396
-0.000354013581258528	-5.07894092937166	-1.45489257628498
-0.000254013581255208	-5.08426271432242	-1.79349102333979
-0.000154013581251888	-5.08863869654151	-2.10154112792121
-5.40135812485687E-5	-5.09213394351888	-2.3817702535113
-2.90135812548442E-5	-5.09152378766205	-2.44677205083774
-2.27635812564131E-5	-5.08777213470913	-2.46292242050557
-1.02635812595508E-5	-5.07614021045733	-2.49488308164859
-4.01358124690887E-6	-5.06467442429129	-2.51058547806036
-8.88581254798737E-7	-5.0508265753854	-2.51837095738546
-4.979562504559E-7	-5.046009849199	-2.51934193651738
-4.49128123136688E-7	-5.04516499167269	-2.51946326347043
-3.5147188270912E-7	-5.0426494706709	-2.51970575813732
-3.02643755389909E-7	-5.04015510508143	-2.51982682812337
-2.78229691730303E-7	-5.03828404114519	-2.51988731704419
-2.66022652795073E-7	-5.03708682397127	-2.51991754691738
-2.41608603346322E-7	-5.0332663931902	-2.51997795099397
-2.29401564411091E-7	-5.02892929598891	-2.52000808240743
-2.23298044943476E-7	-5.02592367558498	-2.52002313009423
-1.98883981283871E-7	-4.96656279305337	-2.52008274469482
-1.9583222865549E-7	-4.9452039891397	-2.52009004697146
-1.775216844635E-7	-4.60606011340433	-2.52013088836686
-1.74469931835119E-7	-4.51657688168265	-2.52013699795905
-1.56159373432274E-7	-3.94136839924516	-2.52016787249351
-1.32397516949823E-7	-3.18711074725432	-2.52019259673202
-8.82650112998817E-8	-1.78635064578175	-2.52019231391057
0	1.01096994098206	-2.52001167004106
1.07399097393213E-7	4.40354412455968	-2.51946884151327
1.7607849400747E-7	4.99710081378599	-2.51901165286297
2.31407032424968E-7	5.0056585694355	-2.51861912061763
2.94860607930048E-7	4.99439474745619	-2.51816133808513
3.59095781332641E-7	4.99342244263718	-2.51769524041401
4.87566128359873E-7	4.99358590595996	-2.51676148643897
7.44506822414337E-7	4.99365617359002	-2.51489299922551
1.25838821030122E-6	4.99374463530894	-2.51115632748409
2.28615098629703E-6	4.99392348044864	-2.50368756664708
4.34167653806661E-6	4.99428077842381	-2.48877104835565
8.45272764182781E-6	4.9949926781475	-2.45902396379571
1.66748298493502E-5	4.99640571281058	-2.3998735557185
3.3119034264395E-5	4.99918912956938	-2.28293508136542
6.60074430942625E-5	5.00458883303801	-2.05439805415147
0.00013178426075422	5.01474672500972	-1.61783346206999
0.000231784260754209	5.02865562824702	-1.0032226587325
0.000331784260754198	5.04085116959292	-0.443521376245306
0.000431784260754187	5.05147925786878	0.0658707847900685
0.000531784260754176	5.06067942254004	0.529370470629732
0.000631784260754165	5.06858078305687	0.951075646807825
0.000731784260754154	5.07530143484537	1.33474214289813
0.000831784260754143	5.08094893432619	1.68379651094445
0.000931784260754132	5.08562109416164	2.0013595102288
0.00103178426075412	5.08940525657226	2.29026857351303
0.00105678426075406	5.09018202361156	2.35732768337557
0.00110678426075417	5.07688059700889	2.48730503010675
0.00110990926075427	5.07285415316147	2.49521995936447
0.00111615926075426	5.05941478689842	2.51094379846088
0.00111694051075428	5.05634499525213	2.51289666913623
0.00111850301075433	5.04427604724625	2.51678775200273
0.00111855183887943	5.04348591755594	2.51690900413897
0.00111864949512941	5.04105886327189	2.51715134967389
0.00111869832325451	5.03868164873507	2.51727235238159
0.00111872273731706	5.0369437551702	2.51733281084016
0.00111873494434822	5.0358498946493	2.51736302669964
0.00111875935841077	5.03251809499749	2.51742340977959
0.00111877156544193	5.0290943488534	2.51745354392499
0.00111877766895763	5.02683347104655	2.51746859746561
0.00111879597950448	5.01181426476347	2.51751361558635
0.00111880666065689	4.98931186111811	2.51753969199707
0.00111881886768805	4.85988526395039	2.51756845739867
0.00111883107471922	4.58035752500252	2.51759456736023
0.00111883412647695	4.49024252480911	2.51760059500693
0.00111885243702381	3.91441125573725	2.51763098853627
0.00111887683301037	3.13992422365845	2.51765549303696
0.00111892227689347	1.69751013215661	2.51765219819254
0.0011190131646599	-1.18264814435665	2.51745468343757
0.00111911946570697	-4.53994268334192	2.51690149797263
0.00111918737497096	-5.00737538949744	2.51644608214192
0.00111924158542798	-5.00521723824355	2.51606064028673
0.00111929886089213	-4.9957852609425	2.51564698473745
0.00111936392541834	-4.99511863565188	2.51517467542259
0.00111949405447054	-4.99529574079287	2.51422858332153
0.00111975431257516	-4.99536023255084	2.51233549602863
0.00112027482878418	-4.9954496678756	2.5085497136073
0.00112131586120245	-4.99563088550287	2.50098291672506
0.00112339792603899	-4.99599284805126	2.48587092856704
0.00112756205571207	-4.99671400417537	2.45573519397523
0.00113589031505801	-4.9981452699668	2.3958164862783
0.00115254683374988	-5.00096404175142	2.27737679111709
0.00118585987113362	-5.00643016494	2.04597447250519
0.00125248594590133	-5.01670477503595	1.60419513082427
0.00135248594590132	-5.03058574278752	0.990419567877757
0.0014524859459013	-5.04275552347953	0.431485579182411
0.00155248594590129	-5.05335997320352	-0.0772059474874976
0.00165248594590128	-5.06253847669756	-0.540067315804449
0.00175248594590127	-5.07041998898101	-0.961191446966424
0.00185248594590126	-5.07712244505219	-1.34432920415297
0.00195248594590125	-5.08275325200207	-1.69290249079759
0.00205248594590124	-5.08741008574613	-2.01002779178939
0.00215248594590123	-5.09117982262614	-2.29853801642029
0.00217748594590117	-5.09195174685307	-2.36550382491109
0.00222748594590128	-5.075959587788	-2.49522261688567
0.00223061094590138	-5.07115083213864	-2.50311606301559
0.00223686094590136	-5.04920282043734	-2.51876604553122
0.00223705625840132	-5.04672101563053	-2.51925168704856
0.00223715391465129	-5.0449114470957	-2.51949431436992
0.00223720274277639	-5.04372994851589	-2.51961556522792
0.00223730039902637	-5.03902613283077	-2.51985778301459
0.00223731260605753	-5.03805988222403	-2.519888024769
0.00223733702012008	-5.03525244985717	-2.5199484671969
0.00223734922715124	-5.03263726248355	-2.51997864320309
0.00223735533066693	-5.03098135172473	-2.51999372123374
0.00223737364121379	-5.02173296368787	-2.52003886489812
0.00223739195176065	-4.97294926086984	-2.52008350484063
0.00223741636582298	-4.43975305841877	-2.52013625118467
0.00223742857285414	-4.0656944266788	-2.52015694511499
0.0022374491524495	-3.41928274351107	-2.52018178881911
0.00223747838569732	-2.49487619452413	-2.52019487741709
0.00223752997128268	-0.860695907239081	-2.52015390625777
0.00223757506767397	0.567770947267801	-2.52005099633412
0.00223766526045632	3.41896469275213	-2.51965760999526
0.00223773130066474	4.92145061708136	-2.51923741523249
0.0022377951307706	5.02535160879909	-2.5187907772769
0.00223785269443044	4.99721556273861	-2.5183768927718
0.00223789994594759	4.99328889698944	-2.51803431083705
0.00223798004523301	4.99347427824338	-2.51745226323783
0.00223814024380364	4.99361970855112	-2.51628727087035
0.00223846064094491	4.99367543095334	-2.51395699051405
0.00223910143522765	4.99378617110553	-2.5092978818019
0.00224038302379292	4.99400925159946	-2.49998757286025
0.00224294620092347	4.99445438018679	-2.48140022107498
0.00224807255518455	4.99534043812542	-2.44435949935755
0.00225832526370673	4.99709584677696	-2.37081162469825
0.0022788306807513	5.00054067311574	-2.22582382772897
0.00231984151484044	5.00717308894976	-1.94406840298015
0.00240186318301872	5.01946037234387	-1.41181930174922
0.0025018631830187	5.03279591732767	-0.815573847142381
0.00260186318301869	5.0444661349205	-0.272725674167452
0.00270186318301868	5.0546153990328	0.221283855374298
0.00280186318301867	5.06337995247543	0.670771380242916
0.00290186318301866	5.07088528510156	1.07972250654307
0.00300186318301865	5.07724597891017	1.45178347001411
0.00310186318301864	5.08256632810274	1.79027857022859
0.00320186318301863	5.08694115920683	2.09823465527165
0.00330186318301862	5.09043595565065	2.37837864972879
0.00332686318301856	5.09001135849364	2.4433652189244
0.0033518631830185	5.06415263611118	2.50691080131283
0.0033549881830186	5.05252487996901	2.51470504121628
0.00335537880801851	5.04972187248837	2.51567792161435
0.00335557412051846	5.04788372473437	2.5161638989757
0.00335596474551836	5.04060227334972	2.51713396146757
0.00335601357364346	5.03833109336786	2.51725494896893
0.00335603798770601	5.03657960586782	2.51731539892933
0.00335605019473717	5.035454743999	2.51734561017494
0.00335607460879972	5.03190429034175	2.51740598088621
0.00335608681583088	5.02802038194496	2.51743610231333
0.00335609291934658	5.02538113557362	2.51745114719266
0.00335611122989343	5.00590882407507	2.517496100534
0.00335613564395576	4.70069095645771	2.51755272820543
0.0033561386957135	4.61555941057385	2.51755911457092
0.00335615700626035	4.04429838235633	2.5175917768012
0.00335617795521559	3.37911786547605	2.5176165661732
0.00335621412236331	2.23095249480094	2.51762752236925
0.00335628645665875	-0.0629193322361785	2.51752844002966
0.00335637078362705	-2.73085015620405	2.51720959605073
0.00335646425163194	-4.92209292726546	2.51664617791149
0.00335648761863316	-5.00123474114619	2.51648082703197
0.00335652537466635	-5.00073377785323	2.51620877968152
0.00335657295640202	-4.99554464130404	2.5158636616293
0.00335662809293469	-4.99516901694122	2.51546281873453
0.00335673836599981	-4.99528265627031	2.51466057920748
0.00335695891213028	-4.9953331827123	2.51305585549424
0.003357400004391	-4.99540919945187	2.50984701289886
0.00335828218891243	-4.99556283533243	2.50343301108515
0.0033600465579553	-4.9958697605327	2.49062073636953
0.00336357529604125	-4.99648161533498	2.46505977207271
0.00337063277221317	-4.99769737524096	2.41419170676116
0.00338474772455699	-5.0000973652678	2.31346261181523
0.00341297762924442	-5.00477344901911	2.11596266062601
0.00346943743861927	-5.01364731174316	1.73625178388075
0.00356943743861926	-5.02789610557697	1.1106990256339
0.00366943743861925	-5.04040278651507	0.540960854297299
0.00376943743861924	-5.05131427433567	0.0224089400457668
0.00385821389425267	-5.05977461664122	-0.398534667657073
0.00395821389425266	-5.06804954253329	-0.832322739599444
0.00405821389425265	-5.07511163133548	-1.22705087933246
0.00415821389425264	-5.08106999867169	-1.58619267990574
0.00425821389425263	-5.08602477622728	-1.91294124581375
0.00435821389425262	-5.09006721527482	-2.21021282724787
0.0044582138942526	-5.0825942400367	-2.47992974474869
0.00446446389425259	-5.07568114376818	-2.49578829353209
0.00446758889425269	-5.07076736313809	-2.50367881217426
0.00447383889425268	-5.04596056190713	-2.51931252442701
0.00447388772237778	-5.04529369003974	-2.51943388361675
0.00447398537862775	-5.04306478437878	-2.51967640751443
0.00447403420675285	-5.04093096044941	-2.51979751479715
0.0044740586208154	-5.03944960408659	-2.51985803166243
0.00447407082784657	-5.03854741776119	-2.51988827899171
0.00447409524190911	-5.03601744331015	-2.51994873653372
0.00447410744894028	-5.03380723204161	-2.51997892623934
0.00447411355245597	-5.03244505367902	-2.51999401287168
0.00447413186300283	-5.02550809395756	-2.52003920380159
0.00447414712179173	-5.00946090248891	-2.52007668959424
0.00447416543233858	-4.88643192235336	-2.52012057618942
0.00447417021575758	-4.768083459697	-2.52013116346659
0.00447417858674082	-4.51862937176322	-2.52014866157741
0.00447418815357881	-4.21411972773218	-2.52016607337806
0.00447420678963906	-3.6205996613998	-2.52019187357306
0.00447424115929329	-2.52818111881051	-2.52021130601318
0.00447430989860154	-0.346729009447625	-2.52014078874649
0.00447441786238856	3.06958046738081	-2.5197363289394
0.00447449501825514	4.91321434639192	-2.51925916493526
0.00447457104587534	5.02803086737706	-2.51873169874096
0.00447463393031389	4.99697240474253	-2.51828055701713
0.00447468446572552	4.99324698622206	-2.51791440736037
0.00447477196449264	4.99346896438584	-2.51727876545588
0.00447494696202688	4.99360670193577	-2.51600631981845
0.00447529695709559	4.99366685238661	-2.51346100290412
0.00447599694723277	4.99378803562272	-2.50837204312142
0.00447739692750737	4.99403167013148	-2.49820351232028
0.00448019688805634	4.99451769956322	-2.47790609708092
0.00448579680915429	4.99548475293302	-2.43747101937055
0.00449699665135017	4.99739894802026	-2.35723678254821
0.00451939633574194	5.00114878178858	-2.19927773222173
0.00456419570452571	5.00834295303897	-1.89312266057996
0.00465379444209302	5.02157571387603	-1.31777271617141
0.00475379444209301	5.03464971452831	-0.729908435705575
0.004853794442093	5.04608023775066	-0.194753129606151
0.00495379444209298	5.05601100174595	0.292234142994495
0.00505379444209297	5.06457676567551	0.735324829913571
0.00515379444209296	5.07190136931229	1.13845340185044
0.00525379444209295	5.07809779395386	1.50521611633079
0.00535379444209294	5.08326884634041	1.83889061005868
0.00545379444209293	5.08750798636833	2.14246085496415
0.00555379444209292	5.09083924479268	2.41859219645248
0.00557879444209286	5.07897661925289	2.48237069430505
0.00558504444209285	5.07105560787252	2.4981718279807
0.00558816944209295	5.06499650765416	2.50603023771876
0.005589731942093	5.06073931767302	2.50994704621281
0.00559051319209303	5.05799935064259	2.51190190377638
0.00559207569209308	5.04926692395161	2.51580006695731
0.00559227100459303	5.04732442222501	2.51628592061829
0.00559236866084301	5.04612457371354	2.51652870752755
0.00559256397334296	5.04261818311367	2.51701382392939
0.00559266162959293	5.03755894143194	2.5172557242601
0.0055926738366241	5.03678449161823	2.51728595233016
0.00559269825068665	5.03460560710113	2.51734637615707
0.00559271045771781	5.03274048314614	2.51737655478863
0.00559273487178036	5.02374129976048	2.51743678232732
0.00559273792353809	5.02189426324242	2.5174442944287
0.00559275623408495	4.99258065685933	2.5174891265087
0.00559276233760064	4.95016343215387	2.51750372246535
0.00559278675166297	4.39203942037398	2.51755555967282
0.00559280389957428	3.86603446268791	2.5175825668293
0.00559282595298094	3.17266334155725	2.51760440272785
0.00559285842352386	2.14578464150314	2.51760953782372
0.00559291177732857	0.45587728344006	2.51754761308281
0.00559297310625428	-1.48541041506272	2.51736824438845
0.00559309576410572	-4.88966793594943	2.51669651375096
0.00559316655857778	-5.02334274239927	2.51621392983952
0.00559322266712337	-4.99893821971995	2.51581331157023
0.00559327692587397	-4.9949900162115	2.51542085326415
0.00559336132571708	-4.99520290428573	2.51480800308228
0.00559353012540309	-4.99533514728438	2.51358067221618
0.00559386772477533	-4.99539313197059	2.51112517487548
0.00559454292351957	-4.99551001538285	2.50621538651056
0.00559589332100807	-4.99574508079457	2.49640426636427
0.00559859411598529	-4.99621406496377	2.4768187014596
0.0056039957059395	-4.99714737915623	2.43779609890771
0.00561479888584793	-4.99899547235659	2.36034284817124
0.005636405245665	-5.00261848220699	2.20777388826341
0.00567961796529892	-5.00957963430292	1.91173951875115
0.00576604340456677	-5.02242228971433	1.35420056182966
0.00586604340456676	-5.03560759584734	0.762709469134966
0.00596604340456675	-5.04713995861404	0.224226049810582
0.00606604340456673	-5.05716339747877	-0.265798920146004
0.00616604340456672	-5.06581331854863	-0.711656654033316
0.00626604340456671	-5.07321427636907	-1.1173038174974
0.0063660434045667	-5.07947994432763	-1.48635831344145
0.00646604340456669	-5.08471377190875	-1.82211797285406
0.00656604340456668	-5.08900981026452	-2.12758531962514
0.00666604340456667	-5.0924149427498	-2.40545225177437
0.00669104340456661	-5.08589475724482	-2.46976252866524
0.0066972934045666	-5.08039026087158	-2.48571049244876
0.00670979340456657	-5.05438790726033	-2.51718861956542
0.00671018402956647	-5.0516480706179	-2.51816218510442
0.00671037934206642	-5.04986147123008	-2.51864853769574
0.00671076996706632	-5.04339754999306	-2.51961953825517
0.00671081879519142	-5.04175491091913	-2.51974068753342
0.00671084320925397	-5.04067170143463	-2.51980123504449
0.00671089203737907	-5.03666920666284	-2.51992221167566
0.00671090538552477	-5.03457624667165	-2.51995523384211
0.00671091205959762	-5.03328255842904	-2.51997173637266
0.00671093208181617	-5.02657455238977	-2.52002117120927
0.00671095877810757	-4.91695623933264	-2.52008592555243
0.00671096211514399	-4.87092258799806	-2.52009369050441
0.00671097546328969	-4.53996363170023	-2.52012244086083
0.00671098881143539	-4.12710497638346	-2.52014623278856
0.00671100725810403	-3.5440977242795	-2.52017023804852
0.00671103588330624	-2.63690497458416	-2.52018681865577
0.00671108980461543	-0.927343330260732	-2.52014951232506
0.00671115425069346	1.11388758580644	-2.51998745857174
0.0067112831428493	4.870983625054	-2.51930412606212
0.00671134100361837	5.01595409215116	-2.51890908508868
0.00671139095866957	4.99789175581562	-2.51855249260756
0.006711444139192	4.99335302765195	-2.51816799076914
0.00671151907529888	4.993454012513	-2.51762397397721
0.00671166894751263	4.99359043829803	-2.51653446567095
0.00671196869194013	4.99364386296279	-2.51435463833613
0.00671256818079535	4.99374740849196	-2.50999581295626
0.00671376715850558	4.99395613232498	-2.5012847313625
0.00671616511392603	4.99437269752272	-2.48389140732091
0.00672096102476716	4.99520215734858	-2.44922184836259
0.00673055284644941	4.99684644734872	-2.38034993955521
0.0067497364898137	5.000077176618	-2.24445400026376
0.00678810377654226	5.00631274242242	-1.97988030483485
0.00686483834999962	5.0179226415402	-1.47827229217464
0.00696483834999961	5.03144309621292	-0.876103711335452
0.0070648383499996	5.04328275501418	-0.327819533837618
0.00716483834999959	5.0535864720836	0.171151897281496
0.00726483834999958	5.06249154486074	0.625159326577835
0.00736483834999957	5.0701246317164	1.03822455136825
0.00746483834999956	5.07660144690123	1.4140291413545
0.00756483834999955	5.08202733631691	1.75593037392023
0.00766483834999954	5.08649808978224	2.06698538925162
0.00776483834999953	5.09009081976988	2.3499605617855
0.00778983834999947	5.09079032850322	2.4156339815019
0.00780233834999944	5.08899600908676	2.44805871435216
0.00781483834999941	5.07983713532897	2.48015134485363
0.00782108834999939	5.07240043314417	2.49597397675198
0.0078242133499995	5.06692136527323	2.50384486808486
0.00782577584999955	5.06325234330939	2.50776886676009
0.00782890084999965	5.05000239186566	2.51557836842007
0.00782929147499956	5.04592981915068	2.51654943520859
0.00782948678749951	5.04213805756009	2.51703415342596
0.00782951120156206	5.04155137471528	2.51709472810201
0.00782956002968716	5.03998430055991	2.51721582848448
0.0078295844437497	5.03879225911324	2.51727633273277
0.0078296332718748	5.03415736081567	2.5173972050375
0.0078296393753905	5.03326574811317	2.51741229744812
0.00782965768593735	5.02933846675023	2.51745753408936
0.00782967599648421	5.0201557595675	2.51750265004964
0.00782970041054654	4.88581681423392	2.51756145585461
0.0078297126175777	4.61811435275897	2.5175879148978
0.00782971566933544	4.5294669036562	2.51759405425845
0.00782973397988229	3.95490311328421	2.51762515545129
0.00782975708379618	3.22135423975172	2.51764972771701
0.00782979882614177	1.89630671672398	2.51765238597429
0.0078298823108327	-0.750048158041912	2.51749657592761
0.0078299942329092	-4.28632647878966	2.51695145714183
0.00783006463101743	-4.99165813042697	2.51648638267459
0.00783012147702378	-5.00903807847684	2.51608385393253
0.00783019342749069	-4.99633650044926	2.5155651736772
0.00783025871488019	-4.99515989671483	2.51509143856123
0.00783038928965896	-4.99530126129382	2.51414226656568
0.00783065043921671	-4.99537539163091	2.51224283727679
0.007831172738332	-4.99546561850582	2.50844423254898
0.00783221733656259	-4.99564740922692	2.50085171087925
0.00783430653302375	-4.99601059848397	2.48568833065878
0.00783848492594608	-4.99673419391156	2.45545034258904
0.00784684171179073	-4.99817026473133	2.39532947423044
0.00786355528348004	-5.00099835137405	2.27649488770407
0.00789698242685866	-5.00648195577272	2.04433949500729
0.00796383671361589	-5.01678721182108	1.60119209879944
0.00806383671361588	-5.03065980249277	0.987684379548671
0.00816383671361587	-5.04282190972095	0.428996089720005
0.00826383671361586	-5.05341936508349	-0.0794712065896358
0.00836383671361585	-5.06259150464955	-0.542128332185758
0.00846383671361583	-5.07046723024913	-0.963066562550863
0.00856383671361582	-5.0771644255561	-1.34603516073546
0.00866383671361581	-5.08279045005794	-1.69445453883652
0.0087638367136158	-5.08744293613052	-2.01143981262813
0.00886383671361579	-5.09120863514258	-2.29982248821626
0.00888883671361573	-5.09197927288052	-2.36675852509844
0.00893883671361584	-5.07533730610162	-2.49640082501852
0.00894196171361594	-5.07031068503164	-2.50428813711143
0.00894352421361599	-5.06705382889046	-2.50822094337243
0.0089466492136161	-5.05691450799796	-2.51605375169923
0.008947039838616	-5.05481171947464	-2.51702896205425
0.00894782108861603	-5.04833242506324	-2.51897552111459
0.008947918744866	-5.04700218052136	-2.51921837178886
0.00894811405736595	-5.04244866344869	-2.51970349409444
0.0089481384714285	-5.0415413456981	-2.51976406416225
0.0089481872995536	-5.03870242301428	-2.51988511776646
0.00894821171361615	-5.03533902850701	-2.51994553463854
0.00894822392064731	-5.03277222699788	-2.5199757120952
0.00894823002416301	-5.03115393600526	-2.5199907910909
0.00894824833470986	-5.02221352799762	-2.52003594049095
0.00894826664525672	-4.97681794567853	-2.52008061693119
0.00894829105931905	-4.45277707612309	-2.52013358372227
0.00894830326635021	-4.07977789720083	-2.52015443313838
0.00894832381956445	-3.43465377506058	-2.52017953270192
0.00894835266214322	-2.52277033602922	-2.52019304808255
0.00894840298441602	-0.928675864089135	-2.52015542126931
0.00894845299682801	0.655398413857994	-2.5200408174036
0.00894855302165198	3.81638836749437	-2.5195809767704
0.00894861871403418	4.95283448794938	-2.51915469293244
0.00894863513712973	4.9973808161625	-2.5190372669284
0.00894866798332083	4.99806760288685	-2.51879980131126
0.00894871174202527	4.99383844269919	-2.51848208791707
0.00894876472442263	4.99346929214255	-2.51809682484991
0.00894887068921735	4.9935693806014	-2.51732595871268
0.00894908261880656	4.99361812000206	-2.51578413761971
0.00894950647798498	4.99369123769613	-2.51270116346531
0.00895035419634183	4.99383885449536	-2.50653870351781
0.00895204963305551	4.99413377698506	-2.49422837592579
0.00895544050648311	4.99472177771769	-2.46966648839415
0.00896222225333831	4.99589043606718	-2.42077720369034
0.00897578574704871	4.99819862310506	-2.32392899772675
0.00900291273446951	5.00270045622294	-2.13389184422717
0.00905716670931112	5.01126133146019	-1.76797071356536
0.0091571667093111	5.02558847468565	-1.13996942418004
0.00925716670931109	5.0381670737199	-0.567984498229411
0.00935716670931108	5.04914425990556	-0.0473819103418113
0.00945716670931107	5.05866199608527	0.426328952662723
0.00955716670931106	5.06685206205371	0.857328309280153
0.00965716670931105	5.07383512054157	1.24945198000497
0.00975716670931104	5.07972110897021	1.60620107322814
0.00985716670931103	5.08461001762395	1.93076479555393
0.00995716670931102	5.08859258955967	2.2260457421418
 
